% Coordinates
0.0                      1.876E-7                 
60.0                     1.6773686E-7             
120.0                    1.6429013E-7             
180.0                    1.6167141E-7             
240.0                    1.5909227E-7             
300.0                    1.5689375E-7             
360.0                    1.5469521E-7             
420.0                    1.5267617E-7             
480.0                    1.5065712E-7             
540.0                    1.4872948E-7             
600.0                    1.4680184E-7             
660.0                    1.4492483E-7             
720.0                    1.430478E-7              
780.0                    1.4120249E-7             
840.0                    1.3935717E-7             
900.0                    1.375349E-7              
960.0                    1.3571261E-7             
1020.0                   1.339003E-7              
1080.0                   1.3209463E-7             
1140.0                   1.3029926E-7             
1200.0                   1.28513E-7               
1260.0                   1.2673465E-7             
1320.0                   1.249646E-7              
1380.0                   1.232033E-7              
1440.0                   1.2145054E-7             
1500.0                   1.1970639E-7             
1560.0                   1.1797082E-7             
1620.0                   1.1624431E-7             
1680.0                   1.14526706E-7            
1740.0                   1.1281824E-7             
1800.0                   1.1111897E-7             
1860.0                   1.0942913E-7             
1920.0                   1.07748846E-7            
1980.0                   1.0607831E-7             
2040.0                   1.0441771E-7             
2100.0                   1.02767174E-7            
2160.0                   1.0112689E-7             
2220.0                   9.949701E-8              
2280.0                   9.787769E-8              
2340.0                   9.626909E-8              
2400.0                   9.4671385E-8             
2460.0                   9.3084736E-8             
2520.0                   9.15093E-8               
2580.0                   8.994526E-8              
2640.0                   8.8392774E-8             
2700.0                   8.685202E-8              
2760.0                   8.532316E-8              
2820.0                   8.380638E-8              
2880.0                   8.230184E-8              
2940.0                   8.080972E-8              
3000.0                   7.933019E-8              
3060.0                   7.7863426E-8             
3120.0                   7.64096E-8               
3180.0                   7.496889E-8              
3240.0                   7.354145E-8              
3300.0                   7.212748E-8              
3360.0                   7.0727125E-8             
3420.0                   6.9340565E-8             
3480.0                   6.7967974E-8             
3540.0                   6.660951E-8              
3600.0                   6.526533E-8              
3660.0                   6.393561E-8              
3720.0                   6.26205E-8               
3780.0                   6.1320165E-8             
3840.0                   6.003474E-8              
3900.0                   5.8764392E-8             
3960.0                   5.7509258E-8             
4020.0                   5.6269478E-8             
4080.0                   5.5045195E-8             
4140.0                   5.383653E-8              
4200.0                   5.264362E-8              
4260.0                   5.146658E-8              
4320.0                   5.0305523E-8             
4380.0                   4.9160562E-8             
4440.0                   4.8031794E-8             
4500.0                   4.6919318E-8             
4560.0                   4.582322E-8              
4620.0                   4.474358E-8              
4680.0                   4.368047E-8              
4740.0                   4.2633953E-8             
4800.0                   4.1604086E-8             
4860.0                   4.059092E-8              
4920.0                   3.9594482E-8             
4980.0                   3.861481E-8              
5040.0                   3.7651922E-8             
5100.0                   3.6705824E-8             
5160.0                   3.5776523E-8             
5220.0                   3.4864E-8                
5280.0                   3.396825E-8              
5340.0                   3.308923E-8              
5400.0                   3.2226904E-8             
5460.0                   3.1381227E-8             
5520.0                   3.0552137E-8             
5580.0                   2.9739567E-8             
5640.0                   2.8943434E-8             
5700.0                   2.8163653E-8             
5760.0                   2.7400125E-8             
5820.0                   2.665274E-8              
5880.0                   2.5921382E-8             
5940.0                   2.5205926E-8             
6000.0                   2.450624E-8              
6060.0                   2.3822178E-8             
6120.0                   2.3153582E-8             
6180.0                   2.2500302E-8             
6240.0                   2.1862176E-8             
6300.0                   2.1239018E-8             
6360.0                   2.0630637E-8             
6420.0                   2.003687E-8              
6480.0                   1.9457538E-8             
6540.0                   1.88924E-8               
6600.0                   1.8341229E-8             
6660.0                   1.7803886E-8             
6720.0                   1.7280215E-8             
6780.0                   1.6769835E-8             
6840.0                   1.6272486E-8             
6900.0                   1.5788189E-8             
6960.0                   1.531681E-8              
7020.0                   1.4857651E-8             
7080.0                   1.4410292E-8             
7140.0                   1.3975433E-8             
7200.0                   1.3553221E-8             
7260.0                   1.3141351E-8             
7320.0                   1.2739592E-8             
7380.0                   1.2350923E-8             
7440.0                   1.1975339E-8             
7500.0                   1.1606424E-8             
7560.0                   1.124349E-8              
7620.0                   1.0898455E-8             
7680.0                   1.05720055E-8            
7740.0                   1.0239638E-8             
7800.0                   9.899244E-9              
7860.0                   9.604395E-9              
7920.0                   9.337234E-9              
7980.0                   9.019107E-9              
8040.0                   8.676232E-9              
8100.0                   8.439154E-9              
8160.0                   8.202076E-9              
8220.0                   7.954824E-9              
8280.0                   7.7075715E-9             
8340.0                   7.4741395E-9             
8400.0                   7.240708E-9              
8460.0                   7.0135373E-9             
8520.0                   6.79054E-9               
8580.0                   6.5754797E-9             
8640.0                   6.3671015E-9             
8700.0                   6.1642007E-9             
8760.0                   5.967179E-9              
8820.0                   5.7762604E-9             
8880.0                   5.5913696E-9             
8940.0                   5.411889E-9              
9000.0                   5.238025E-9              
9060.0                   5.069466E-9              
9120.0                   4.9063154E-9             
9180.0                   4.7482716E-9             
9240.0                   4.595275E-9              
9300.0                   4.4470965E-9             
9360.0                   4.3035935E-9             
9420.0                   4.1646246E-9             
9480.0                   4.030031E-9              
9540.0                   3.899696E-9              
9600.0                   3.7734726E-9             
9660.0                   3.651253E-9              
9720.0                   3.5329033E-9             
9780.0                   3.4183123E-9             
9840.0                   3.3073633E-9             
9900.0                   3.1999485E-9             
9960.0                   3.0959626E-9             
10020.0                  2.9952976E-9             
10080.0                  2.8978522E-9             
10140.0                  2.8035274E-9             
10200.0                  2.7122269E-9             
10260.0                  2.623857E-9              
10320.0                  2.538326E-9              
10380.0                  2.4555455E-9             
10440.0                  2.3754294E-9             
10500.0                  2.297894E-9              
10560.0                  2.222859E-9              
10620.0                  2.1502453E-9             
10680.0                  2.0799775E-9             
10740.0                  2.011981E-9              
10800.0                  1.9461843E-9             
10860.0                  1.8825177E-9             
10920.0                  1.8209133E-9             
10980.0                  1.7613062E-9             
11040.0                  1.7036333E-9             
11100.0                  1.6478325E-9             
11160.0                  1.5938444E-9             
11220.0                  1.5416105E-9             
11280.0                  1.4910745E-9             
11340.0                  1.4421827E-9             
11400.0                  1.3948829E-9             
11460.0                  1.3491239E-9             
11520.0                  1.3048567E-9             
11580.0                  1.2620324E-9             
11640.0                  1.2206033E-9             
11700.0                  1.1805259E-9             
11760.0                  1.1417569E-9             
11820.0                  1.1042545E-9             
11880.0                  1.0679791E-9             
11940.0                  1.032889E-9              
12000.0                  9.98944E-10              
12060.0                  9.661086E-10             
12120.0                  9.343465E-10             
12180.0                  9.0362456E-10            
12240.0                  8.7391233E-10            
12300.0                  8.4517315E-10            
12360.0                  8.173731E-10             
12420.0                  7.9048257E-10            
12480.0                  7.6446943E-10            
12540.0                  7.3931017E-10            
12600.0                  7.1498263E-10            
12660.0                  6.9145406E-10            
12720.0                  6.686969E-10             
12780.0                  6.466839E-10             
12840.0                  6.253851E-10             
12900.0                  6.047881E-10             
12960.0                  5.8487387E-10            
13020.0                  5.656129E-10             
13080.0                  5.4698474E-10            
13140.0                  5.2896776E-10            
13200.0                  5.115396E-10             
13260.0                  4.9468496E-10            
13320.0                  4.783863E-10             
13380.0                  4.6262333E-10            
13440.0                  4.4737947E-10            
13500.0                  4.3263634E-10            
13560.0                  4.1837656E-10            
13620.0                  4.045861E-10             
13680.0                  3.912499E-10             
13740.0                  3.7835254E-10            
13800.0                  3.6588024E-10            
13860.0                  3.5381814E-10            
13920.0                  3.421524E-10             
13980.0                  3.308707E-10             
14040.0                  3.1996047E-10            
14100.0                  3.0940955E-10            
14160.0                  2.9920647E-10            
14220.0                  2.8933944E-10            
14280.0                  2.7979713E-10            
14340.0                  2.7056893E-10            
14400.0                  2.6164415E-10            
14460.0                  2.5301358E-10            
14520.0                  2.4466837E-10            
14580.0                  2.365979E-10             
14640.0                  2.2879333E-10            
14700.0                  2.2124573E-10            
14760.0                  2.1394633E-10            
14820.0                  2.068876E-10             
14880.0                  2.0006188E-10            
14940.0                  1.9346119E-10            
15000.0                  1.870783E-10             
15060.0                  1.8090568E-10            
15120.0                  1.749362E-10             
15180.0                  1.6916357E-10            
15240.0                  1.635814E-10             
15300.0                  1.5818331E-10            
15360.0                  1.5296348E-10            
15420.0                  1.4791578E-10            
15480.0                  1.4303435E-10            
15540.0                  1.3831385E-10            
15600.0                  1.3374879E-10            
15660.0                  1.2933443E-10            
15720.0                  1.2506607E-10            
15780.0                  1.2093843E-10            
15840.0                  1.1694681E-10            
15900.0                  1.1308683E-10            
15960.0                  1.09354E-10              
16020.0                  1.0574438E-10            
16080.0                  1.0225406E-10            
16140.0                  9.8878884E-11            
16200.0                  9.5615106E-11            
16260.0                  9.245895E-11             
16320.0                  8.940676E-11             
16380.0                  8.6455246E-11            
16440.0                  8.3601216E-11            
16500.0                  8.084145E-11             
16560.0                  7.817304E-11             
16620.0                  7.5592546E-11            
16680.0                  7.30969E-11              
16740.0                  7.068363E-11             
16800.0                  6.835006E-11             
16860.0                  6.6093554E-11            
16920.0                  6.3911716E-11            
16980.0                  6.180183E-11             
17040.0                  5.9761425E-11            
17100.0                  5.7788354E-11            
17160.0                  5.588036E-11             
17220.0                  5.403539E-11             
17280.0                  5.2251477E-11            
17340.0                  5.052649E-11             
17400.0                  4.885841E-11             
17460.0                  4.7245447E-11            
17520.0                  4.568561E-11             
17580.0                  4.4177384E-11            
17640.0                  4.2718915E-11            
17700.0                  4.130862E-11             
17760.0                  3.9944763E-11            
17820.0                  3.8626026E-11            
17880.0                  3.735079E-11             
17940.0                  3.6117612E-11            
18000.0                  3.492503E-11             
% Elements (lines)
1         2         
2         3         
3         4         
4         5         
5         6         
6         7         
7         8         
8         9         
9         10        
10        11        
11        12        
12        13        
13        14        
14        15        
15        16        
16        17        
17        18        
18        19        
19        20        
20        21        
21        22        
22        23        
23        24        
24        25        
25        26        
26        27        
27        28        
28        29        
29        30        
30        31        
31        32        
32        33        
33        34        
34        35        
35        36        
36        37        
37        38        
38        39        
39        40        
40        41        
41        42        
42        43        
43        44        
44        45        
45        46        
46        47        
47        48        
48        49        
49        50        
50        51        
51        52        
52        53        
53        54        
54        55        
55        56        
56        57        
57        58        
58        59        
59        60        
60        61        
61        62        
62        63        
63        64        
64        65        
65        66        
66        67        
67        68        
68        69        
69        70        
70        71        
71        72        
72        73        
73        74        
74        75        
75        76        
76        77        
77        78        
78        79        
79        80        
80        81        
81        82        
82        83        
83        84        
84        85        
85        86        
86        87        
87        88        
88        89        
89        90        
90        91        
91        92        
92        93        
93        94        
94        95        
95        96        
96        97        
97        98        
98        99        
99        100       
100       101       
101       102       
102       103       
103       104       
104       105       
105       106       
106       107       
107       108       
108       109       
109       110       
110       111       
111       112       
112       113       
113       114       
114       115       
115       116       
116       117       
117       118       
118       119       
119       120       
120       121       
121       122       
122       123       
123       124       
124       125       
125       126       
126       127       
127       128       
128       129       
129       130       
130       131       
131       132       
132       133       
133       134       
134       135       
135       136       
136       137       
137       138       
138       139       
139       140       
140       141       
141       142       
142       143       
143       144       
144       145       
145       146       
146       147       
147       148       
148       149       
149       150       
150       151       
151       152       
152       153       
153       154       
154       155       
155       156       
156       157       
157       158       
158       159       
159       160       
160       161       
161       162       
162       163       
163       164       
164       165       
165       166       
166       167       
167       168       
168       169       
169       170       
170       171       
171       172       
172       173       
173       174       
174       175       
175       176       
176       177       
177       178       
178       179       
179       180       
180       181       
181       182       
182       183       
183       184       
184       185       
185       186       
186       187       
187       188       
188       189       
189       190       
190       191       
191       192       
192       193       
193       194       
194       195       
195       196       
196       197       
197       198       
198       199       
199       200       
200       201       
201       202       
202       203       
203       204       
204       205       
205       206       
206       207       
207       208       
208       209       
209       210       
210       211       
211       212       
212       213       
213       214       
214       215       
215       216       
216       217       
217       218       
218       219       
219       220       
220       221       
221       222       
222       223       
223       224       
224       225       
225       226       
226       227       
227       228       
228       229       
229       230       
230       231       
231       232       
232       233       
233       234       
234       235       
235       236       
236       237       
237       238       
238       239       
239       240       
240       241       
241       242       
242       243       
243       244       
244       245       
245       246       
246       247       
247       248       
248       249       
249       250       
250       251       
251       252       
252       253       
253       254       
254       255       
255       256       
256       257       
257       258       
258       259       
259       260       
260       261       
261       262       
262       263       
263       264       
264       265       
265       266       
266       267       
267       268       
268       269       
269       270       
270       271       
271       272       
272       273       
273       274       
274       275       
275       276       
276       277       
277       278       
278       279       
279       280       
280       281       
281       282       
282       283       
283       284       
284       285       
285       286       
286       287       
287       288       
288       289       
289       290       
290       291       
291       292       
292       293       
293       294       
294       295       
295       296       
296       297       
297       298       
298       299       
299       300       
300       301       
