0.0,0.0
1.0,7.786948E-8
2.0,8.6348734E-8
3.0,9.043061E-8
4.0,9.43075E-8
5.0,9.686087E-8
6.0,9.941424E-8
7.0,1.0145198E-7
8.0,1.0348972E-7
9.0,1.0525417E-7
10.0,1.0701863E-7
11.0,1.0860787E-7
12.0,1.10197114E-7
13.0,1.117211E-7
14.0,1.1320157E-7
15.0,1.14621955E-7
16.0,1.1598776E-7
17.0,1.17315956E-7
18.0,1.1860089E-7
19.0,1.1985E-7
20.0,1.2106081E-7
21.0,1.2224278E-7
22.0,1.2339275E-7
23.0,1.2451503E-7
24.0,1.2561043E-7
25.0,1.2668201E-7
26.0,1.2773175E-7
27.0,1.2876072E-7
28.0,1.2977091E-7
29.0,1.3076279E-7
30.0,1.3173788E-7
31.0,1.326966E-7
32.0,1.3364003E-7
33.0,1.3456875E-7
34.0,1.3548346E-7
35.0,1.3638474E-7
36.0,1.3727308E-7
37.0,1.3814906E-7
38.0,1.3901318E-7
39.0,1.398659E-7
40.0,1.4070766E-7
41.0,1.4153889E-7
42.0,1.4236E-7
43.0,1.4317132E-7
44.0,1.4397322E-7
45.0,1.4476602E-7
46.0,1.4555003E-7
47.0,1.4632555E-7
48.0,1.470928E-7
49.0,1.4785209E-7
50.0,1.4860365E-7
51.0,1.493477E-7
52.0,1.5008447E-7
53.0,1.5081419E-7
54.0,1.5153704E-7
55.0,1.5225321E-7
56.0,1.5296288E-7
57.0,1.5366625E-7
58.0,1.5436346E-7
59.0,1.5505468E-7
60.0,1.5574007E-7
61.0,1.5641976E-7
62.0,1.570939E-7
63.0,1.5776261E-7
64.0,1.5842603E-7
65.0,1.5908431E-7
66.0,1.5973752E-7
67.0,1.6038582E-7
68.0,1.6102929E-7
69.0,1.6166805E-7
70.0,1.6230221E-7
71.0,1.6293185E-7
72.0,1.6355708E-7
73.0,1.6417798E-7
74.0,1.6479466E-7
75.0,1.6540717E-7
76.0,1.6601564E-7
77.0,1.6662011E-7
78.0,1.6722069E-7
79.0,1.6781743E-7
80.0,1.6841042E-7
81.0,1.6899972E-7
82.0,1.6958542E-7
83.0,1.7016755E-7
84.0,1.7074622E-7
85.0,1.7132145E-7
86.0,1.7189333E-7
87.0,1.7246191E-7
88.0,1.7302725E-7
89.0,1.735894E-7
90.0,1.7414843E-7
91.0,1.7470437E-7
92.0,1.752573E-7
93.0,1.7580724E-7
94.0,1.7635426E-7
95.0,1.7689841E-7
96.0,1.7743973E-7
97.0,1.7797827E-7
98.0,1.7851407E-7
99.0,1.7904716E-7
100.0,1.7957761E-7
101.0,1.8010546E-7
102.0,1.8063072E-7
103.0,1.8115347E-7
104.0,1.8167371E-7
105.0,1.821915E-7
106.0,1.8270688E-7
107.0,1.8321988E-7
108.0,1.8373053E-7
109.0,1.8423889E-7
110.0,1.8474496E-7
111.0,1.852488E-7
112.0,1.8575041E-7
113.0,1.8624985E-7
114.0,1.8674716E-7
115.0,1.8724235E-7
116.0,1.8773545E-7
117.0,1.8822651E-7
118.0,1.8871553E-7
119.0,1.8920257E-7
120.0,1.8968763E-7
121.0,1.9017075E-7
122.0,1.9065196E-7
123.0,1.9113129E-7
124.0,1.9160875E-7
125.0,1.9208439E-7
126.0,1.925582E-7
127.0,1.9303025E-7
128.0,1.9350051E-7
129.0,1.9396906E-7
130.0,1.9443588E-7
131.0,1.9490103E-7
132.0,1.953645E-7
133.0,1.9582633E-7
134.0,1.9628654E-7
135.0,1.9674515E-7
136.0,1.9720217E-7
137.0,1.9765764E-7
138.0,1.9811158E-7
139.0,1.98564E-7
140.0,1.9901492E-7
141.0,1.9946435E-7
142.0,1.9991235E-7
143.0,2.003589E-7
144.0,2.0080402E-7
145.0,2.0124774E-7
146.0,2.0169009E-7
147.0,2.0213106E-7
148.0,2.025707E-7
149.0,2.0300901E-7
150.0,2.0344599E-7
151.0,2.038817E-7
152.0,2.0431611E-7
153.0,2.0474927E-7
154.0,2.0518118E-7
155.0,2.0561185E-7
156.0,2.0604132E-7
157.0,2.064696E-7
158.0,2.0689667E-7
159.0,2.073226E-7
160.0,2.0774736E-7
161.0,2.0817099E-7
162.0,2.0859349E-7
163.0,2.0901489E-7
164.0,2.0943519E-7
165.0,2.098544E-7
166.0,2.1027256E-7
167.0,2.1068966E-7
168.0,2.1110571E-7
169.0,2.1152074E-7
170.0,2.1193476E-7
171.0,2.1234777E-7
172.0,2.127598E-7
173.0,2.1317086E-7
174.0,2.1358095E-7
175.0,2.1399008E-7
176.0,2.1439827E-7
177.0,2.1480554E-7
178.0,2.152119E-7
179.0,2.1561733E-7
180.0,2.1602189E-7
181.0,2.1642556E-7
182.0,2.1682837E-7
183.0,2.1723031E-7
184.0,2.176314E-7
185.0,2.1803166E-7
186.0,2.1843108E-7
187.0,2.1882968E-7
188.0,2.1922749E-7
189.0,2.196245E-7
190.0,2.2002071E-7
191.0,2.2041614E-7
192.0,2.2081082E-7
193.0,2.2120473E-7
194.0,2.215979E-7
195.0,2.2199032E-7
196.0,2.2238203E-7
197.0,2.22773E-7
198.0,2.2316327E-7
199.0,2.2355283E-7
200.0,2.239417E-7
201.0,2.2432988E-7
202.0,2.2471738E-7
203.0,2.2510422E-7
204.0,2.254904E-7
205.0,2.2587592E-7
206.0,2.2626081E-7
207.0,2.2664504E-7
208.0,2.2702866E-7
209.0,2.2741166E-7
210.0,2.2779405E-7
211.0,2.2817584E-7
212.0,2.2855703E-7
213.0,2.2893762E-7
214.0,2.2931764E-7
215.0,2.2969706E-7
216.0,2.3007594E-7
217.0,2.3045425E-7
218.0,2.30832E-7
219.0,2.3120921E-7
220.0,2.3158589E-7
221.0,2.3196202E-7
222.0,2.3233763E-7
223.0,2.3271272E-7
224.0,2.3308729E-7
225.0,2.3346136E-7
226.0,2.3383494E-7
227.0,2.34208E-7
228.0,2.345806E-7
229.0,2.349527E-7
230.0,2.3532432E-7
231.0,2.3569547E-7
232.0,2.3606616E-7
233.0,2.3643639E-7
234.0,2.3680617E-7
235.0,2.371755E-7
236.0,2.375444E-7
237.0,2.3791284E-7
238.0,2.3828086E-7
239.0,2.3864845E-7
240.0,2.3901563E-7
241.0,2.393824E-7
242.0,2.3974874E-7
243.0,2.4011467E-7
244.0,2.4048023E-7
245.0,2.4084537E-7
246.0,2.4121013E-7
247.0,2.4157453E-7
248.0,2.419385E-7
249.0,2.4230212E-7
250.0,2.4266538E-7
251.0,2.4302824E-7
252.0,2.4339076E-7
253.0,2.4375294E-7
254.0,2.4411474E-7
255.0,2.444762E-7
256.0,2.448373E-7
257.0,2.451981E-7
258.0,2.4555854E-7
259.0,2.4591864E-7
260.0,2.4627843E-7
261.0,2.4663788E-7
262.0,2.4699702E-7
263.0,2.4735584E-7
264.0,2.4771435E-7
265.0,2.4807255E-7
266.0,2.4843044E-7
267.0,2.4878804E-7
268.0,2.4914536E-7
269.0,2.4950236E-7
270.0,2.4985908E-7
271.0,2.5021552E-7
272.0,2.5057167E-7
273.0,2.5092754E-7
274.0,2.5128315E-7
275.0,2.5163848E-7
276.0,2.5199353E-7
277.0,2.5234834E-7
278.0,2.5270288E-7
279.0,2.5305715E-7
280.0,2.5341117E-7
281.0,2.5376494E-7
282.0,2.5411845E-7
283.0,2.5447173E-7
284.0,2.5482476E-7
285.0,2.5517755E-7
286.0,2.555301E-7
287.0,2.5588244E-7
288.0,2.5623453E-7
289.0,2.565864E-7
290.0,2.5693802E-7
291.0,2.5728943E-7
292.0,2.5764064E-7
293.0,2.5799162E-7
294.0,2.5834237E-7
295.0,2.5869292E-7
296.0,2.5904328E-7
297.0,2.593934E-7
298.0,2.5974336E-7
299.0,2.600931E-7
300.0,2.6044262E-7
301.0,2.6079195E-7
302.0,2.6114108E-7
303.0,2.6149004E-7
304.0,2.618388E-7
305.0,2.621874E-7
306.0,2.625358E-7
307.0,2.62884E-7
308.0,2.63232E-7
309.0,2.6357986E-7
310.0,2.6392755E-7
311.0,2.6427506E-7
312.0,2.646224E-7
313.0,2.6496957E-7
314.0,2.6531654E-7
315.0,2.656634E-7
316.0,2.6601006E-7
317.0,2.6635658E-7
318.0,2.6670293E-7
319.0,2.670491E-7
320.0,2.6739517E-7
321.0,2.6774103E-7
322.0,2.6808678E-7
323.0,2.6843236E-7
324.0,2.687778E-7
325.0,2.691231E-7
326.0,2.6946825E-7
327.0,2.6981326E-7
328.0,2.7015813E-7
329.0,2.7050285E-7
330.0,2.7084744E-7
331.0,2.711919E-7
332.0,2.7153624E-7
333.0,2.7188042E-7
334.0,2.7222447E-7
335.0,2.7256843E-7
336.0,2.7291222E-7
337.0,2.732559E-7
338.0,2.7359945E-7
339.0,2.739429E-7
340.0,2.742862E-7
341.0,2.7462943E-7
342.0,2.749725E-7
343.0,2.7531544E-7
344.0,2.756583E-7
345.0,2.7600103E-7
346.0,2.7634366E-7
347.0,2.7668617E-7
348.0,2.770286E-7
349.0,2.7737087E-7
350.0,2.7771307E-7
351.0,2.7805515E-7
352.0,2.7839712E-7
353.0,2.78739E-7
354.0,2.7908078E-7
355.0,2.7942247E-7
356.0,2.7976404E-7
357.0,2.8010552E-7
358.0,2.804469E-7
359.0,2.8078819E-7
360.0,2.811294E-7
361.0,2.814705E-7
362.0,2.818115E-7
363.0,2.8215243E-7
364.0,2.8249326E-7
365.0,2.82834E-7
366.0,2.8317464E-7
367.0,2.8351522E-7
368.0,2.838557E-7
369.0,2.841961E-7
370.0,2.845364E-7
371.0,2.8487665E-7
372.0,2.852168E-7
373.0,2.855569E-7
374.0,2.8589687E-7
375.0,2.862368E-7
376.0,2.8657664E-7
377.0,2.8691642E-7
378.0,2.8725609E-7
379.0,2.875957E-7
380.0,2.8793525E-7
381.0,2.8827472E-7
382.0,2.8861413E-7
383.0,2.8895346E-7
384.0,2.892927E-7
385.0,2.8963188E-7
386.0,2.89971E-7
387.0,2.9031008E-7
388.0,2.9064907E-7
389.0,2.90988E-7
390.0,2.9132684E-7
391.0,2.9166563E-7
392.0,2.9200436E-7
393.0,2.9234303E-7
394.0,2.9268165E-7
395.0,2.930202E-7
396.0,2.9335868E-7
397.0,2.936971E-7
398.0,2.940355E-7
399.0,2.943738E-7
400.0,2.9471204E-7
401.0,2.9505026E-7
402.0,2.953884E-7
403.0,2.9572647E-7
404.0,2.960645E-7
405.0,2.9640248E-7
406.0,2.967404E-7
407.0,2.970783E-7
408.0,2.974161E-7
409.0,2.977539E-7
410.0,2.980916E-7
411.0,2.9842928E-7
412.0,2.987669E-7
413.0,2.9910447E-7
414.0,2.99442E-7
415.0,2.997795E-7
416.0,3.001169E-7
417.0,3.004543E-7
418.0,3.0079164E-7
419.0,3.0112895E-7
420.0,3.014662E-7
421.0,3.018034E-7
422.0,3.0214056E-7
423.0,3.024777E-7
424.0,3.0281475E-7
425.0,3.031518E-7
426.0,3.034888E-7
427.0,3.0382577E-7
428.0,3.0416268E-7
429.0,3.0449954E-7
430.0,3.048364E-7
431.0,3.051732E-7
432.0,3.0550996E-7
433.0,3.0584667E-7
434.0,3.0618335E-7
435.0,3.0652E-7
436.0,3.068566E-7
437.0,3.0719318E-7
438.0,3.0752972E-7
439.0,3.0786623E-7
440.0,3.0820271E-7
441.0,3.0853914E-7
442.0,3.0887554E-7
443.0,3.092119E-7
444.0,3.0954826E-7
445.0,3.0988454E-7
446.0,3.1022083E-7
447.0,3.1055706E-7
448.0,3.1089326E-7
449.0,3.1122946E-7
450.0,3.115656E-7
451.0,3.1190172E-7
452.0,3.122378E-7
453.0,3.1257386E-7
454.0,3.129099E-7
455.0,3.132459E-7
456.0,3.1358186E-7
457.0,3.139178E-7
458.0,3.1425373E-7
459.0,3.145896E-7
460.0,3.1492547E-7
461.0,3.152613E-7
462.0,3.155971E-7
463.0,3.1593288E-7
464.0,3.1626865E-7
465.0,3.1660437E-7
466.0,3.169401E-7
467.0,3.1727578E-7
468.0,3.1761144E-7
469.0,3.1794707E-7
470.0,3.1828267E-7
471.0,3.1861825E-7
472.0,3.1895382E-7
473.0,3.1928937E-7
474.0,3.1962486E-7
475.0,3.1996038E-7
476.0,3.2029584E-7
477.0,3.206313E-7
478.0,3.2096673E-7
479.0,3.2130214E-7
480.0,3.2163751E-7
481.0,3.219729E-7
482.0,3.2230824E-7
483.0,3.2264356E-7
484.0,3.2297885E-7
485.0,3.2331414E-7
486.0,3.236494E-7
487.0,3.2398466E-7
488.0,3.243199E-7
489.0,3.246551E-7
490.0,3.2499028E-7
491.0,3.2532546E-7
492.0,3.256606E-7
493.0,3.2599576E-7
494.0,3.2633088E-7
495.0,3.2666597E-7
496.0,3.2700106E-7
497.0,3.2733612E-7
498.0,3.276712E-7
499.0,3.2800622E-7
500.0,3.2834123E-7
501.0,3.2867624E-7
502.0,3.2901121E-7
503.0,3.293462E-7
504.0,3.2968114E-7
505.0,3.300161E-7
506.0,3.30351E-7
507.0,3.306859E-7
508.0,3.310208E-7
509.0,3.313557E-7
510.0,3.3169056E-7
511.0,3.320254E-7
512.0,3.3236023E-7
513.0,3.3269507E-7
514.0,3.3302987E-7
515.0,3.3336465E-7
516.0,3.3369943E-7
517.0,3.340342E-7
518.0,3.3436896E-7
519.0,3.347037E-7
520.0,3.3503844E-7
521.0,3.3537316E-7
522.0,3.3570785E-7
523.0,3.3604255E-7
524.0,3.3637724E-7
525.0,3.367119E-7
526.0,3.3704657E-7
527.0,3.373812E-7
528.0,3.3771585E-7
529.0,3.3805046E-7
530.0,3.3838506E-7
531.0,3.3871967E-7
532.0,3.3905425E-7
533.0,3.3938883E-7
534.0,3.397234E-7
535.0,3.4005797E-7
536.0,3.4039252E-7
537.0,3.4072704E-7
538.0,3.4106156E-7
539.0,3.413961E-7
540.0,3.4173058E-7
541.0,3.4206508E-7
542.0,3.4239957E-7
543.0,3.4273404E-7
544.0,3.430685E-7
545.0,3.4340297E-7
546.0,3.437374E-7
547.0,3.4407185E-7
548.0,3.444063E-7
549.0,3.4474073E-7
550.0,3.4507514E-7
551.0,3.4540955E-7
552.0,3.4574393E-7
553.0,3.460783E-7
554.0,3.464127E-7
555.0,3.4674707E-7
556.0,3.4708142E-7
557.0,3.4741578E-7
558.0,3.4775013E-7
559.0,3.4808446E-7
560.0,3.484188E-7
561.0,3.4875313E-7
562.0,3.4908743E-7
563.0,3.4942175E-7
564.0,3.4975605E-7
565.0,3.5009035E-7
566.0,3.504246E-7
567.0,3.507589E-7
568.0,3.5109318E-7
569.0,3.5142745E-7
570.0,3.517617E-7
571.0,3.5209595E-7
572.0,3.524302E-7
573.0,3.5276443E-7
574.0,3.5309867E-7
575.0,3.5343288E-7
576.0,3.5376712E-7
577.0,3.5410133E-7
578.0,3.5443554E-7
579.0,3.5476972E-7
580.0,3.5510394E-7
581.0,3.5543812E-7
582.0,3.557723E-7
583.0,3.5610648E-7
584.0,3.5644064E-7
585.0,3.5677482E-7
586.0,3.5710897E-7
587.0,3.5744313E-7
588.0,3.5777728E-7
589.0,3.5811144E-7
590.0,3.5844556E-7
591.0,3.587797E-7
592.0,3.591138E-7
593.0,3.5944794E-7
594.0,3.5978206E-7
595.0,3.601162E-7
596.0,3.604503E-7
597.0,3.6078438E-7
598.0,3.6111848E-7
599.0,3.6145258E-7
600.0,3.6178668E-7
601.0,3.6212074E-7
602.0,3.6245484E-7
603.0,3.627889E-7
604.0,3.6312298E-7
605.0,3.6345705E-7
606.0,3.6379112E-7
607.0,3.6412516E-7
608.0,3.6445923E-7
609.0,3.6479327E-7
610.0,3.651273E-7
611.0,3.6546135E-7
612.0,3.657954E-7
613.0,3.6612943E-7
614.0,3.6646344E-7
615.0,3.6679748E-7
616.0,3.671315E-7
617.0,3.674655E-7
618.0,3.6779952E-7
619.0,3.6813353E-7
620.0,3.6846754E-7
621.0,3.6880155E-7
622.0,3.6913553E-7
623.0,3.6946955E-7
624.0,3.6980353E-7
625.0,3.701375E-7
626.0,3.704715E-7
627.0,3.7080548E-7
628.0,3.7113946E-7
629.0,3.7147345E-7
630.0,3.718074E-7
631.0,3.721414E-7
632.0,3.7247534E-7
633.0,3.728093E-7
634.0,3.7314328E-7
635.0,3.7347723E-7
636.0,3.7381116E-7
637.0,3.7414512E-7
638.0,3.7447907E-7
639.0,3.7481303E-7
640.0,3.7514695E-7
641.0,3.754809E-7
642.0,3.7581484E-7
643.0,3.7614876E-7
644.0,3.764827E-7
645.0,3.7681662E-7
646.0,3.7715054E-7
647.0,3.7748447E-7
648.0,3.778184E-7
649.0,3.7815232E-7
650.0,3.7848622E-7
651.0,3.7882015E-7
652.0,3.7915405E-7
653.0,3.7948797E-7
654.0,3.7982187E-7
655.0,3.8015577E-7
656.0,3.8048967E-7
657.0,3.8082356E-7
658.0,3.8115746E-7
659.0,3.8149136E-7
660.0,3.8182526E-7
661.0,3.8215913E-7
662.0,3.8249303E-7
663.0,3.828269E-7
664.0,3.831608E-7
665.0,3.8349467E-7
666.0,3.8382856E-7
667.0,3.8416243E-7
668.0,3.844963E-7
669.0,3.8483017E-7
670.0,3.8516404E-7
671.0,3.854979E-7
672.0,3.8583178E-7
673.0,3.8616565E-7
674.0,3.8649952E-7
675.0,3.8683336E-7
676.0,3.8716723E-7
677.0,3.875011E-7
678.0,3.8783494E-7
679.0,3.8816881E-7
680.0,3.8850266E-7
681.0,3.888365E-7
682.0,3.8917037E-7
683.0,3.895042E-7
684.0,3.8983805E-7
685.0,3.901719E-7
686.0,3.9050573E-7
687.0,3.9083957E-7
688.0,3.9117342E-7
689.0,3.9150726E-7
690.0,3.918411E-7
691.0,3.921749E-7
692.0,3.9250875E-7
693.0,3.928426E-7
694.0,3.931764E-7
695.0,3.9351025E-7
696.0,3.9384406E-7
697.0,3.941779E-7
698.0,3.9451172E-7
699.0,3.9484556E-7
700.0,3.9517937E-7
701.0,3.9551318E-7
702.0,3.9584702E-7
703.0,3.9618084E-7
704.0,3.9651465E-7
705.0,3.9684846E-7
706.0,3.9718228E-7
707.0,3.975161E-7
708.0,3.978499E-7
709.0,3.9818372E-7
710.0,3.9851753E-7
711.0,3.9885134E-7
712.0,3.9918513E-7
713.0,3.9951894E-7
714.0,3.9985275E-7
715.0,4.0018656E-7
716.0,4.0052035E-7
717.0,4.0085416E-7
718.0,4.0118795E-7
719.0,4.0152176E-7
720.0,4.0185554E-7
721.0,4.0218936E-7
722.0,4.0252314E-7
723.0,4.0285695E-7
724.0,4.0319074E-7
725.0,4.0352452E-7
726.0,4.0385834E-7
727.0,4.0419212E-7
728.0,4.045259E-7
729.0,4.048597E-7
730.0,4.0519348E-7
731.0,4.0552726E-7
732.0,4.0586104E-7
733.0,4.0619486E-7
734.0,4.0652864E-7
735.0,4.0686243E-7
736.0,4.0719618E-7
737.0,4.0752997E-7
738.0,4.0786375E-7
739.0,4.0819754E-7
740.0,4.0853132E-7
741.0,4.088651E-7
742.0,4.091989E-7
743.0,4.0953265E-7
744.0,4.0986643E-7
745.0,4.1020022E-7
746.0,4.1053397E-7
747.0,4.1086776E-7
748.0,4.1120154E-7
749.0,4.115353E-7
750.0,4.1186908E-7
751.0,4.1220284E-7
752.0,4.1253662E-7
753.0,4.1287038E-7
754.0,4.1320416E-7
755.0,4.1353792E-7
756.0,4.138717E-7
757.0,4.1420546E-7
758.0,4.1453924E-7
759.0,4.14873E-7
760.0,4.1520676E-7
761.0,4.1554054E-7
762.0,4.158743E-7
763.0,4.1620805E-7
764.0,4.165418E-7
765.0,4.168756E-7
766.0,4.1720935E-7
767.0,4.175431E-7
768.0,4.1787686E-7
769.0,4.1821062E-7
770.0,4.1854437E-7
771.0,4.1887813E-7
772.0,4.1921191E-7
773.0,4.1954567E-7
774.0,4.1987943E-7
775.0,4.2021318E-7
776.0,4.2054694E-7
777.0,4.208807E-7
778.0,4.2121445E-7
779.0,4.215482E-7
780.0,4.2188196E-7
781.0,4.222157E-7
782.0,4.2254945E-7
783.0,4.228832E-7
784.0,4.2321696E-7
785.0,4.2355072E-7
786.0,4.2388447E-7
787.0,4.2421823E-7
788.0,4.2455196E-7
789.0,4.248857E-7
790.0,4.2521947E-7
791.0,4.2555322E-7
792.0,4.2588695E-7
793.0,4.262207E-7
794.0,4.2655446E-7
795.0,4.2688822E-7
796.0,4.2722195E-7
797.0,4.275557E-7
798.0,4.2788946E-7
799.0,4.282232E-7
800.0,4.2855694E-7
801.0,4.288907E-7
802.0,4.2922443E-7
803.0,4.2955818E-7
804.0,4.298919E-7
805.0,4.3022567E-7
806.0,4.305594E-7
807.0,4.3089315E-7
808.0,4.3122688E-7
809.0,4.3156064E-7
810.0,4.3189436E-7
811.0,4.3222812E-7
812.0,4.3256185E-7
813.0,4.328956E-7
814.0,4.3322933E-7
815.0,4.335631E-7
816.0,4.3389682E-7
817.0,4.3423057E-7
818.0,4.345643E-7
819.0,4.3489803E-7
820.0,4.3523178E-7
821.0,4.355655E-7
822.0,4.3589927E-7
823.0,4.36233E-7
824.0,4.3656672E-7
825.0,4.3690048E-7
826.0,4.372342E-7
827.0,4.3756793E-7
828.0,4.379017E-7
829.0,4.3823542E-7
830.0,4.3856915E-7
831.0,4.3890287E-7
832.0,4.3923663E-7
833.0,4.3957036E-7
834.0,4.3990408E-7
835.0,4.4023784E-7
836.0,4.4057157E-7
837.0,4.409053E-7
838.0,4.4123902E-7
839.0,4.4157275E-7
840.0,4.419065E-7
841.0,4.4224024E-7
842.0,4.4257396E-7
843.0,4.429077E-7
844.0,4.4324142E-7
845.0,4.4357517E-7
846.0,4.439089E-7
847.0,4.4424263E-7
848.0,4.4457636E-7
849.0,4.4491009E-7
850.0,4.452438E-7
851.0,4.4557754E-7
852.0,4.4591127E-7
853.0,4.4624502E-7
854.0,4.4657875E-7
855.0,4.4691248E-7
856.0,4.472462E-7
857.0,4.4757994E-7
858.0,4.4791366E-7
859.0,4.482474E-7
860.0,4.4858112E-7
861.0,4.4891485E-7
862.0,4.4924857E-7
863.0,4.495823E-7
864.0,4.4991603E-7
865.0,4.5024976E-7
866.0,4.5058349E-7
867.0,4.509172E-7
868.0,4.5125094E-7
869.0,4.5158467E-7
870.0,4.519184E-7
871.0,4.5225212E-7
872.0,4.5258585E-7
873.0,4.5291958E-7
874.0,4.532533E-7
875.0,4.5358703E-7
876.0,4.5392076E-7
877.0,4.542545E-7
878.0,4.5458822E-7
879.0,4.5492195E-7
880.0,4.5525567E-7
881.0,4.555894E-7
882.0,4.5592313E-7
883.0,4.5625686E-7
884.0,4.5659058E-7
885.0,4.569243E-7
886.0,4.5725804E-7
887.0,4.5759174E-7
888.0,4.5792547E-7
889.0,4.582592E-7
890.0,4.5859292E-7
891.0,4.5892665E-7
892.0,4.5926038E-7
893.0,4.595941E-7
894.0,4.5992783E-7
895.0,4.6026156E-7
896.0,4.6059526E-7
897.0,4.60929E-7
898.0,4.6126272E-7
899.0,4.6159644E-7
900.0,4.6193017E-7
901.0,4.622639E-7
902.0,4.6259763E-7
903.0,4.6293133E-7
904.0,4.6326505E-7
905.0,4.6359878E-7
906.0,4.639325E-7
907.0,4.6426624E-7
908.0,4.6459996E-7
909.0,4.6493366E-7
910.0,4.652674E-7
911.0,4.6560112E-7
912.0,4.6593485E-7
913.0,4.6626857E-7
914.0,4.666023E-7
915.0,4.66936E-7
916.0,4.6726973E-7
917.0,4.6760346E-7
918.0,4.6793718E-7
919.0,4.682709E-7
920.0,4.686046E-7
921.0,4.6893834E-7
922.0,4.6927207E-7
923.0,4.696058E-7
924.0,4.699395E-7
925.0,4.7027322E-7
926.0,4.7060695E-7
927.0,4.7094068E-7
928.0,4.712744E-7
929.0,4.716081E-7
930.0,4.7194183E-7
931.0,4.7227556E-7
932.0,4.726093E-7
933.0,4.72943E-7
934.0,4.732767E-7
935.0,4.7361044E-7
936.0,4.7394417E-7
937.0,4.7427787E-7
938.0,4.746116E-7
939.0,4.7494532E-7
940.0,4.7527902E-7
941.0,4.7561275E-7
942.0,4.7594648E-7
943.0,4.762802E-7
944.0,4.766139E-7
945.0,4.7694766E-7
946.0,4.7728133E-7
947.0,4.7761506E-7
948.0,4.779488E-7
949.0,4.782825E-7
950.0,4.7861624E-7
951.0,4.7894997E-7
952.0,4.792837E-7
953.0,4.7961737E-7
954.0,4.799511E-7
955.0,4.802848E-7
956.0,4.8061855E-7
957.0,4.809523E-7
958.0,4.81286E-7
959.0,4.8161974E-7
960.0,4.819534E-7
961.0,4.8228713E-7
962.0,4.8262086E-7
963.0,4.829546E-7
964.0,4.832883E-7
965.0,4.8362205E-7
966.0,4.839557E-7
967.0,4.8428944E-7
968.0,4.846232E-7
969.0,4.849569E-7
970.0,4.852906E-7
971.0,4.8562435E-7
972.0,4.85958E-7
973.0,4.8629175E-7
974.0,4.866255E-7
975.0,4.869592E-7
976.0,4.8729294E-7
977.0,4.8762666E-7
978.0,4.8796034E-7
979.0,4.8829406E-7
980.0,4.886278E-7
981.0,4.889615E-7
982.0,4.8929525E-7
983.0,4.89629E-7
984.0,4.8996264E-7
985.0,4.902964E-7
986.0,4.906301E-7
987.0,4.909638E-7
988.0,4.9129756E-7
989.0,4.916313E-7
990.0,4.9196495E-7
991.0,4.922987E-7
992.0,4.926324E-7
993.0,4.9296614E-7
994.0,4.9329986E-7
995.0,4.9363354E-7
996.0,4.9396726E-7
997.0,4.94301E-7
998.0,4.946347E-7
999.0,4.9496845E-7
1000.0,4.953022E-7
1001.0,4.9563585E-7
1002.0,4.959696E-7
1003.0,4.963033E-7
1004.0,4.96637E-7
1005.0,4.9697076E-7
1006.0,4.973044E-7
1007.0,4.9763815E-7
1008.0,4.979719E-7
1009.0,4.983056E-7
1010.0,4.9863934E-7
1011.0,4.9897307E-7
1012.0,4.9930674E-7
1013.0,4.9964046E-7
1014.0,4.999742E-7
1015.0,5.003079E-7
1016.0,5.0064165E-7
1017.0,5.009753E-7
1018.0,5.0130905E-7
1019.0,5.016428E-7
1020.0,5.019765E-7
1021.0,5.0231023E-7
1022.0,5.026439E-7
1023.0,5.029776E-7
1024.0,5.0331136E-7
1025.0,5.036451E-7
1026.0,5.039788E-7
1027.0,5.043125E-7
1028.0,5.046462E-7
1029.0,5.0497994E-7
1030.0,5.0531366E-7
1031.0,5.056474E-7
1032.0,5.0598106E-7
1033.0,5.063148E-7
1034.0,5.066485E-7
1035.0,5.0698225E-7
1036.0,5.07316E-7
1037.0,5.0764964E-7
1038.0,5.079834E-7
1039.0,5.083171E-7
1040.0,5.086508E-7
1041.0,5.0898456E-7
1042.0,5.093182E-7
1043.0,5.0965195E-7
1044.0,5.099857E-7
1045.0,5.103194E-7
1046.0,5.1065314E-7
1047.0,5.109868E-7
1048.0,5.1132054E-7
1049.0,5.1165426E-7
1050.0,5.11988E-7
1051.0,5.123217E-7
1052.0,5.126554E-7
1053.0,5.129891E-7
1054.0,5.1332285E-7
1055.0,5.136566E-7
1056.0,5.139903E-7
1057.0,5.14324E-7
1058.0,5.146577E-7
1059.0,5.149914E-7
1060.0,5.1532515E-7
1061.0,5.156589E-7
1062.0,5.1599255E-7
1063.0,5.163263E-7
1064.0,5.1666E-7
1065.0,5.1699374E-7
1066.0,5.1732746E-7
1067.0,5.1766114E-7
1068.0,5.1799486E-7
1069.0,5.183286E-7
1070.0,5.186623E-7
1071.0,5.1899605E-7
1072.0,5.193297E-7
1073.0,5.1966344E-7
1074.0,5.199972E-7
1075.0,5.203309E-7
1076.0,5.2066457E-7
1077.0,5.209983E-7
1078.0,5.21332E-7
1079.0,5.2166575E-7
1080.0,5.219995E-7
1081.0,5.2233315E-7
1082.0,5.226669E-7
1083.0,5.230006E-7
1084.0,5.2333434E-7
1085.0,5.2366806E-7
1086.0,5.2400173E-7
1087.0,5.2433546E-7
1088.0,5.246692E-7
1089.0,5.250029E-7
1090.0,5.253366E-7
1091.0,5.256703E-7
1092.0,5.2600404E-7
1093.0,5.263378E-7
1094.0,5.266715E-7
1095.0,5.2700517E-7
1096.0,5.273389E-7
1097.0,5.276726E-7
1098.0,5.2800635E-7
1099.0,5.283401E-7
1100.0,5.2867375E-7
1101.0,5.290075E-7
1102.0,5.293412E-7
1103.0,5.2967494E-7
1104.0,5.300086E-7
1105.0,5.3034233E-7
1106.0,5.3067606E-7
1107.0,5.310098E-7
1108.0,5.313435E-7
1109.0,5.316772E-7
1110.0,5.320109E-7
1111.0,5.3234464E-7
1112.0,5.3267837E-7
1113.0,5.330121E-7
1114.0,5.3334577E-7
1115.0,5.336795E-7
1116.0,5.340132E-7
1117.0,5.3434695E-7
1118.0,5.346806E-7
1119.0,5.3501435E-7
1120.0,5.353481E-7
1121.0,5.356818E-7
1122.0,5.3601553E-7
1123.0,5.363492E-7
1124.0,5.3668293E-7
1125.0,5.3701666E-7
1126.0,5.373504E-7
1127.0,5.376841E-7
1128.0,5.380178E-7
1129.0,5.383515E-7
1130.0,5.3868524E-7
1131.0,5.3901897E-7
1132.0,5.3935264E-7
1133.0,5.3968637E-7
1134.0,5.400201E-7
1135.0,5.403538E-7
1136.0,5.4068755E-7
1137.0,5.410212E-7
1138.0,5.4135495E-7
1139.0,5.416887E-7
1140.0,5.420224E-7
1141.0,5.423561E-7
1142.0,5.426898E-7
1143.0,5.4302353E-7
1144.0,5.4335726E-7
1145.0,5.43691E-7
1146.0,5.4402466E-7
1147.0,5.443584E-7
1148.0,5.446921E-7
1149.0,5.4502584E-7
1150.0,5.453595E-7
1151.0,5.4569324E-7
1152.0,5.4602697E-7
1153.0,5.463607E-7
1154.0,5.466944E-7
1155.0,5.470281E-7
1156.0,5.473618E-7
1157.0,5.4769555E-7
1158.0,5.480293E-7
1159.0,5.4836295E-7
1160.0,5.486967E-7
1161.0,5.490304E-7
1162.0,5.4936413E-7
1163.0,5.4969786E-7
1164.0,5.5003153E-7
1165.0,5.5036526E-7
1166.0,5.50699E-7
1167.0,5.510327E-7
1168.0,5.513664E-7
1169.0,5.517001E-7
1170.0,5.5203384E-7
1171.0,5.5236757E-7
1172.0,5.527013E-7
1173.0,5.5303497E-7
1174.0,5.533687E-7
1175.0,5.537024E-7
1176.0,5.5403615E-7
1177.0,5.543698E-7
1178.0,5.5470355E-7
1179.0,5.550373E-7
1180.0,5.55371E-7
1181.0,5.5570473E-7
1182.0,5.560384E-7
1183.0,5.5637213E-7
1184.0,5.5670586E-7
1185.0,5.570396E-7
1186.0,5.5737326E-7
1187.0,5.57707E-7
1188.0,5.580407E-7
1189.0,5.5837444E-7
1190.0,5.5870817E-7
1191.0,5.5904184E-7
1192.0,5.5937556E-7
1193.0,5.597093E-7
1194.0,5.60043E-7
1195.0,5.603767E-7
1196.0,5.607104E-7
1197.0,5.6104415E-7
1198.0,5.613779E-7
1199.0,5.617116E-7
1200.0,5.620453E-7
1201.0,5.62379E-7
1202.0,5.627127E-7
1203.0,5.6304646E-7
1204.0,5.633801E-7
1205.0,5.6371385E-7
1206.0,5.640476E-7
1207.0,5.643813E-7
1208.0,5.6471504E-7
1209.0,5.650487E-7
1210.0,5.6538244E-7
1211.0,5.6571616E-7
1212.0,5.660499E-7
1213.0,5.6638356E-7
1214.0,5.667173E-7
1215.0,5.67051E-7
1216.0,5.6738475E-7
1217.0,5.677185E-7
1218.0,5.6805214E-7
1219.0,5.683859E-7
1220.0,5.687196E-7
1221.0,5.690533E-7
1222.0,5.69387E-7
1223.0,5.697207E-7
1224.0,5.7005445E-7
1225.0,5.703882E-7
1226.0,5.707219E-7
1227.0,5.710556E-7
1228.0,5.713893E-7
1229.0,5.7172304E-7
1230.0,5.7205676E-7
1231.0,5.7239043E-7
1232.0,5.7272416E-7
1233.0,5.730579E-7
1234.0,5.733916E-7
1235.0,5.737253E-7
1236.0,5.74059E-7
1237.0,5.7439274E-7
1238.0,5.7472647E-7
1239.0,5.750602E-7
1240.0,5.7539387E-7
1241.0,5.757276E-7
1242.0,5.760613E-7
1243.0,5.7639505E-7
1244.0,5.767287E-7
1245.0,5.7706245E-7
1246.0,5.773962E-7
1247.0,5.777299E-7
1248.0,5.7806363E-7
1249.0,5.783973E-7
1250.0,5.7873103E-7
1251.0,5.7906476E-7
1252.0,5.793985E-7
1253.0,5.7973216E-7
1254.0,5.800659E-7
1255.0,5.803996E-7
1256.0,5.8073334E-7
1257.0,5.8106707E-7
1258.0,5.8140074E-7
1259.0,5.8173447E-7
1260.0,5.820682E-7
1261.0,5.824019E-7
1262.0,5.827356E-7
1263.0,5.830693E-7
1264.0,5.8340305E-7
1265.0,5.837368E-7
1266.0,5.840705E-7
1267.0,5.844042E-7
1268.0,5.847379E-7
1269.0,5.8507163E-7
1270.0,5.8540536E-7
1271.0,5.8573903E-7
1272.0,5.8607276E-7
1273.0,5.864065E-7
1274.0,5.867402E-7
1275.0,5.870739E-7
1276.0,5.874076E-7
1277.0,5.8774134E-7
1278.0,5.8807507E-7
1279.0,5.884088E-7
1280.0,5.8874247E-7
1281.0,5.890762E-7
1282.0,5.894099E-7
1283.0,5.8974365E-7
1284.0,5.900773E-7
1285.0,5.9041105E-7
1286.0,5.907448E-7
1287.0,5.910785E-7
1288.0,5.9141223E-7
1289.0,5.917459E-7
1290.0,5.9207963E-7
1291.0,5.9241336E-7
1292.0,5.927471E-7
1293.0,5.9308076E-7
1294.0,5.934145E-7
1295.0,5.937482E-7
1296.0,5.9408194E-7
1297.0,5.944156E-7
1298.0,5.9474934E-7
1299.0,5.9508307E-7
1300.0,5.954168E-7
1301.0,5.957505E-7
1302.0,5.960842E-7
1303.0,5.964179E-7
1304.0,5.9675165E-7
1305.0,5.970854E-7
1306.0,5.9741905E-7
1307.0,5.977528E-7
1308.0,5.980865E-7
1309.0,5.9842023E-7
1310.0,5.9875396E-7
1311.0,5.990876E-7
1312.0,5.9942136E-7
1313.0,5.997551E-7
1314.0,6.000888E-7
1315.0,6.004225E-7
1316.0,6.007562E-7
1317.0,6.0108994E-7
1318.0,6.0142366E-7
1319.0,6.017574E-7
1320.0,6.0209106E-7
1321.0,6.024248E-7
1322.0,6.027585E-7
1323.0,6.0309225E-7
1324.0,6.034259E-7
1325.0,6.0375964E-7
1326.0,6.040934E-7
1327.0,6.044271E-7
1328.0,6.0476077E-7
1329.0,6.050945E-7
1330.0,6.054282E-7
1331.0,6.0576195E-7
1332.0,6.060957E-7
1333.0,6.0642935E-7
1334.0,6.067631E-7
1335.0,6.070968E-7
1336.0,6.0743054E-7
1337.0,6.077642E-7
1338.0,6.0809793E-7
1339.0,6.0843166E-7
1340.0,6.087654E-7
1341.0,6.090991E-7
1342.0,6.094328E-7
1343.0,6.097665E-7
1344.0,6.1010024E-7
1345.0,6.10434E-7
1346.0,6.1076764E-7
1347.0,6.1110137E-7
1348.0,6.114351E-7
1349.0,6.117688E-7
1350.0,6.121025E-7
1351.0,6.124362E-7
1352.0,6.1276995E-7
1353.0,6.131037E-7
1354.0,6.134374E-7
1355.0,6.137711E-7
1356.0,6.141048E-7
1357.0,6.1443853E-7
1358.0,6.1477226E-7
1359.0,6.1510593E-7
1360.0,6.1543966E-7
1361.0,6.157734E-7
1362.0,6.161071E-7
1363.0,6.1644084E-7
1364.0,6.167745E-7
1365.0,6.1710824E-7
1366.0,6.1744197E-7
1367.0,6.177757E-7
1368.0,6.1810937E-7
1369.0,6.184431E-7
1370.0,6.187768E-7
1371.0,6.1911055E-7
1372.0,6.194442E-7
1373.0,6.1977795E-7
1374.0,6.201117E-7
1375.0,6.204454E-7
1376.0,6.2077913E-7
1377.0,6.211128E-7
1378.0,6.2144653E-7
1379.0,6.2178026E-7
1380.0,6.22114E-7
1381.0,6.2244766E-7
1382.0,6.227814E-7
1383.0,6.231151E-7
1384.0,6.2344884E-7
1385.0,6.2378257E-7
1386.0,6.2411624E-7
1387.0,6.2444997E-7
1388.0,6.247837E-7
1389.0,6.251174E-7
1390.0,6.254511E-7
1391.0,6.257848E-7
1392.0,6.2611855E-7
1393.0,6.264523E-7
1394.0,6.26786E-7
1395.0,6.271197E-7
1396.0,6.274534E-7
1397.0,6.2778713E-7
1398.0,6.2812086E-7
1399.0,6.2845453E-7
1400.0,6.2878826E-7
1401.0,6.29122E-7
1402.0,6.294557E-7
1403.0,6.297894E-7
1404.0,6.301231E-7
1405.0,6.3045684E-7
1406.0,6.3079057E-7
1407.0,6.311243E-7
1408.0,6.3145797E-7
1409.0,6.317917E-7
1410.0,6.321254E-7
1411.0,6.3245915E-7
1412.0,6.327928E-7
1413.0,6.3312655E-7
1414.0,6.334603E-7
1415.0,6.33794E-7
1416.0,6.3412773E-7
1417.0,6.344614E-7
1418.0,6.3479513E-7
1419.0,6.3512886E-7
1420.0,6.354626E-7
1421.0,6.3579625E-7
1422.0,6.3613E-7
1423.0,6.364637E-7
1424.0,6.3679744E-7
1425.0,6.371311E-7
1426.0,6.3746484E-7
1427.0,6.3779856E-7
1428.0,6.381323E-7
1429.0,6.38466E-7
1430.0,6.387997E-7
1431.0,6.391334E-7
1432.0,6.3946715E-7
1433.0,6.398009E-7
1434.0,6.4013454E-7
1435.0,6.404683E-7
1436.0,6.40802E-7
1437.0,6.411357E-7
1438.0,6.4146946E-7
1439.0,6.418031E-7
1440.0,6.4213685E-7
1441.0,6.424706E-7
1442.0,6.428043E-7
1443.0,6.43138E-7
1444.0,6.434717E-7
1445.0,6.4380544E-7
1446.0,6.4413916E-7
1447.0,6.4447283E-7
1448.0,6.4480656E-7
1449.0,6.451403E-7
1450.0,6.45474E-7
1451.0,6.4580775E-7
1452.0,6.461414E-7
1453.0,6.4647514E-7
1454.0,6.4680887E-7
1455.0,6.471426E-7
1456.0,6.4747627E-7
1457.0,6.4781E-7
1458.0,6.481437E-7
1459.0,6.4847745E-7
1460.0,6.488112E-7
1461.0,6.4914485E-7
1462.0,6.494786E-7
1463.0,6.498123E-7
1464.0,6.5014603E-7
1465.0,6.504797E-7
1466.0,6.5081343E-7
1467.0,6.5114716E-7
1468.0,6.514809E-7
1469.0,6.5181456E-7
1470.0,6.521483E-7
1471.0,6.52482E-7
1472.0,6.5281574E-7
1473.0,6.5314947E-7
1474.0,6.5348314E-7
1475.0,6.5381687E-7
1476.0,6.541506E-7
1477.0,6.544843E-7
1478.0,6.54818E-7
1479.0,6.551517E-7
1480.0,6.5548545E-7
1481.0,6.558192E-7
1482.0,6.561529E-7
1483.0,6.564866E-7
1484.0,6.568203E-7
1485.0,6.5715403E-7
1486.0,6.5748776E-7
1487.0,6.5782143E-7
1488.0,6.5815516E-7
1489.0,6.584889E-7
1490.0,6.588226E-7
1491.0,6.591563E-7
1492.0,6.5949E-7
1493.0,6.5982374E-7
1494.0,6.6015747E-7
1495.0,6.604912E-7
1496.0,6.6082487E-7
1497.0,6.611586E-7
1498.0,6.614923E-7
1499.0,6.6182605E-7
1500.0,6.621597E-7
1501.0,6.6249345E-7
1502.0,6.628272E-7
1503.0,6.631609E-7
1504.0,6.6349463E-7
1505.0,6.638283E-7
1506.0,6.6416203E-7
1507.0,6.6449576E-7
1508.0,6.648295E-7
1509.0,6.6516316E-7
1510.0,6.654969E-7
1511.0,6.658306E-7
1512.0,6.6616434E-7
1513.0,6.66498E-7
1514.0,6.6683174E-7
1515.0,6.6716547E-7
1516.0,6.674992E-7
1517.0,6.678329E-7
1518.0,6.681666E-7
1519.0,6.685003E-7
1520.0,6.6883405E-7
1521.0,6.691678E-7
1522.0,6.6950145E-7
1523.0,6.698352E-7
1524.0,6.701689E-7
1525.0,6.7050263E-7
1526.0,6.7083636E-7
1527.0,6.7117E-7
1528.0,6.7150376E-7
1529.0,6.718375E-7
1530.0,6.721712E-7
1531.0,6.725049E-7
1532.0,6.728386E-7
1533.0,6.7317234E-7
1534.0,6.7350607E-7
1535.0,6.7383974E-7
1536.0,6.7417346E-7
1537.0,6.745072E-7
1538.0,6.748409E-7
1539.0,6.7517465E-7
1540.0,6.755083E-7
1541.0,6.7584205E-7
1542.0,6.761758E-7
1543.0,6.765095E-7
1544.0,6.768432E-7
1545.0,6.771769E-7
1546.0,6.775106E-7
1547.0,6.7784435E-7
1548.0,6.781781E-7
1549.0,6.7851175E-7
1550.0,6.788455E-7
1551.0,6.791792E-7
1552.0,6.7951294E-7
1553.0,6.798466E-7
1554.0,6.8018034E-7
1555.0,6.8051406E-7
1556.0,6.808478E-7
1557.0,6.8118146E-7
1558.0,6.815152E-7
1559.0,6.818489E-7
1560.0,6.8218264E-7
1561.0,6.825164E-7
1562.0,6.8285004E-7
1563.0,6.8318377E-7
1564.0,6.835175E-7
1565.0,6.838512E-7
1566.0,6.841849E-7
1567.0,6.845186E-7
1568.0,6.8485235E-7
1569.0,6.851861E-7
1570.0,6.855198E-7
1571.0,6.858535E-7
1572.0,6.861872E-7
1573.0,6.8652093E-7
1574.0,6.8685466E-7
1575.0,6.8718833E-7
1576.0,6.8752206E-7
1577.0,6.878558E-7
1578.0,6.881895E-7
1579.0,6.885232E-7
1580.0,6.888569E-7
1581.0,6.8919064E-7
1582.0,6.8952437E-7
1583.0,6.898581E-7
1584.0,6.9019177E-7
1585.0,6.905255E-7
1586.0,6.908592E-7
1587.0,6.9119295E-7
1588.0,6.915266E-7
1589.0,6.9186035E-7
1590.0,6.921941E-7
1591.0,6.925278E-7
1592.0,6.9286153E-7
1593.0,6.931952E-7
1594.0,6.9352893E-7
1595.0,6.9386266E-7
1596.0,6.941964E-7
1597.0,6.9453006E-7
1598.0,6.948638E-7
1599.0,6.951975E-7
1600.0,6.9553124E-7
1601.0,6.958649E-7
1602.0,6.9619864E-7
1603.0,6.9653237E-7
1604.0,6.968661E-7
1605.0,6.971998E-7
1606.0,6.975335E-7
1607.0,6.978672E-7
1608.0,6.9820095E-7
1609.0,6.985347E-7
1610.0,6.9886835E-7
1611.0,6.992021E-7
1612.0,6.995358E-7
1613.0,6.9986953E-7
1614.0,7.0020326E-7
1615.0,7.0053693E-7
1616.0,7.0087066E-7
1617.0,7.012044E-7
1618.0,7.015381E-7
1619.0,7.018718E-7
1620.0,7.022055E-7
1621.0,7.0253924E-7
1622.0,7.0287297E-7
1623.0,7.0320664E-7
1624.0,7.0354037E-7
1625.0,7.038741E-7
1626.0,7.042078E-7
1627.0,7.0454155E-7
1628.0,7.048752E-7
1629.0,7.0520895E-7
1630.0,7.055427E-7
1631.0,7.058764E-7
1632.0,7.062101E-7
1633.0,7.065438E-7
1634.0,7.0687753E-7
1635.0,7.0721126E-7
1636.0,7.07545E-7
1637.0,7.0787866E-7
1638.0,7.082124E-7
1639.0,7.085461E-7
1640.0,7.0887984E-7
1641.0,7.092135E-7
1642.0,7.0954724E-7
1643.0,7.0988096E-7
1644.0,7.102147E-7
1645.0,7.1054836E-7
1646.0,7.108821E-7
1647.0,7.112158E-7
1648.0,7.1154955E-7
1649.0,7.118833E-7
1650.0,7.1221694E-7
1651.0,7.125507E-7
1652.0,7.128844E-7
1653.0,7.132181E-7
1654.0,7.135518E-7
1655.0,7.138855E-7
1656.0,7.1421925E-7
1657.0,7.14553E-7
1658.0,7.148867E-7
1659.0,7.152204E-7
1660.0,7.155541E-7
1661.0,7.1588784E-7
1662.0,7.1622156E-7
1663.0,7.1655523E-7
1664.0,7.1688896E-7
1665.0,7.172227E-7
1666.0,7.175564E-7
1667.0,7.178901E-7
1668.0,7.182238E-7
1669.0,7.1855754E-7
1670.0,7.188913E-7
1671.0,7.19225E-7
1672.0,7.1955867E-7
1673.0,7.198924E-7
1674.0,7.202261E-7
1675.0,7.2055985E-7
1676.0,7.208935E-7
1677.0,7.2122725E-7
1678.0,7.21561E-7
1679.0,7.218947E-7
1680.0,7.222284E-7
1681.0,7.225621E-7
1682.0,7.2289583E-7
1683.0,7.2322956E-7
1684.0,7.235633E-7
1685.0,7.2389696E-7
1686.0,7.242307E-7
1687.0,7.245644E-7
1688.0,7.2489814E-7
1689.0,7.252318E-7
1690.0,7.2556554E-7
1691.0,7.2589927E-7
1692.0,7.26233E-7
1693.0,7.265667E-7
1694.0,7.269004E-7
1695.0,7.272341E-7
1696.0,7.2756785E-7
1697.0,7.279016E-7
1698.0,7.2823525E-7
1699.0,7.28569E-7
1700.0,7.289027E-7
1701.0,7.2923643E-7
1702.0,7.295701E-7
1703.0,7.2990383E-7
1704.0,7.3023756E-7
1705.0,7.305713E-7
1706.0,7.30905E-7
1707.0,7.312387E-7
1708.0,7.315724E-7
1709.0,7.3190614E-7
1710.0,7.3223987E-7
1711.0,7.3257354E-7
1712.0,7.3290727E-7
1713.0,7.33241E-7
1714.0,7.335747E-7
1715.0,7.3390845E-7
1716.0,7.342421E-7
1717.0,7.3457585E-7
1718.0,7.349096E-7
1719.0,7.352433E-7
1720.0,7.35577E-7
1721.0,7.359107E-7
1722.0,7.3624443E-7
1723.0,7.3657816E-7
1724.0,7.3691183E-7
1725.0,7.3724556E-7
1726.0,7.375793E-7
1727.0,7.37913E-7
1728.0,7.3824674E-7
1729.0,7.385804E-7
1730.0,7.3891414E-7
1731.0,7.3924787E-7
1732.0,7.395816E-7
1733.0,7.3991527E-7
1734.0,7.40249E-7
1735.0,7.405827E-7
1736.0,7.4091645E-7
1737.0,7.412502E-7
1738.0,7.4158385E-7
1739.0,7.419176E-7
1740.0,7.422513E-7
1741.0,7.4258503E-7
1742.0,7.429187E-7
1743.0,7.4325243E-7
1744.0,7.4358616E-7
1745.0,7.439199E-7
1746.0,7.4425355E-7
1747.0,7.445873E-7
1748.0,7.44921E-7
1749.0,7.4525474E-7
1750.0,7.4558847E-7
1751.0,7.4592214E-7
1752.0,7.4625586E-7
1753.0,7.465896E-7
1754.0,7.469233E-7
1755.0,7.47257E-7
1756.0,7.475907E-7
1757.0,7.4792445E-7
1758.0,7.482582E-7
1759.0,7.485919E-7
1760.0,7.489256E-7
1761.0,7.492593E-7
1762.0,7.49593E-7
1763.0,7.4992676E-7
1764.0,7.502604E-7
1765.0,7.5059415E-7
1766.0,7.509279E-7
1767.0,7.512616E-7
1768.0,7.515953E-7
1769.0,7.51929E-7
1770.0,7.5226274E-7
1771.0,7.5259646E-7
1772.0,7.529302E-7
1773.0,7.5326386E-7
1774.0,7.535976E-7
1775.0,7.539313E-7
1776.0,7.5426505E-7
1777.0,7.545987E-7
1778.0,7.5493244E-7
1779.0,7.5526617E-7
1780.0,7.555999E-7
1781.0,7.559336E-7
1782.0,7.562673E-7
1783.0,7.56601E-7
1784.0,7.5693475E-7
1785.0,7.572685E-7
1786.0,7.5760215E-7
1787.0,7.579359E-7
1788.0,7.582696E-7
1789.0,7.5860333E-7
1790.0,7.58937E-7
1791.0,7.5927073E-7
1792.0,7.5960446E-7
1793.0,7.599382E-7
1794.0,7.602719E-7
1795.0,7.606056E-7
1796.0,7.609393E-7
1797.0,7.6127304E-7
1798.0,7.6160677E-7
1799.0,7.6194044E-7
1800.0,7.6227417E-7
