0.0,0.0
1.0,4.7531507E-25
2.0,5.988371E-20
3.0,9.2968033E-17
4.0,1.904552E-16
5.0,1.0539484E-15
6.0,1.9174416E-15
7.0,6.1409325E-15
8.0,1.0364423E-14
9.0,2.5089372E-14
10.0,3.9814323E-14
11.0,8.0781024E-14
12.0,1.2174773E-13
13.0,1.8442263E-13
14.0,2.6156966E-13
15.0,3.8539343E-13
16.0,5.451591E-13
17.0,7.671088E-13
18.0,1.0424952E-12
19.0,1.4256625E-12
20.0,1.8984961E-12
21.0,2.5245507E-12
22.0,3.2826415E-12
23.0,4.2188674E-12
24.0,5.342448E-12
25.0,6.7176876E-12
26.0,8.3722E-12
27.0,1.03678385E-11
28.0,1.27464055E-11
29.0,1.5574429E-11
30.0,1.8902668E-11
31.0,2.2804083E-11
32.0,2.7337028E-11
33.0,3.257581E-11
34.0,3.859051E-11
35.0,4.545696E-11
36.0,5.3253412E-11
37.0,6.205448E-11
38.0,7.194024E-11
39.0,8.298607E-11
40.0,9.527066E-11
41.0,1.0886772E-10
42.0,1.2385286E-10
43.0,1.4029732E-10
44.0,1.5827264E-10
45.0,1.7784646E-10
46.0,1.9908573E-10
47.0,2.2205365E-10
48.0,2.4681213E-10
49.0,2.7341968E-10
50.0,3.0193256E-10
51.0,3.3240388E-10
52.0,3.6488382E-10
53.0,3.9942027E-10
54.0,4.3605794E-10
55.0,4.748388E-10
56.0,5.1580196E-10
57.0,5.589841E-10
58.0,6.04419E-10
59.0,6.521379E-10
60.0,7.021694E-10
61.0,7.5453965E-10
62.0,8.0927237E-10
63.0,8.6638885E-10
64.0,9.2590813E-10
65.0,9.87847E-10
66.0,1.0522203E-9
67.0,1.1190407E-9
68.0,1.1883188E-9
69.0,1.2600635E-9
70.0,1.3342819E-9
71.0,1.4109792E-9
72.0,1.4901593E-9
73.0,1.5718243E-9
74.0,1.6559749E-9
75.0,1.7426103E-9
76.0,1.8317283E-9
77.0,1.923326E-9
78.0,2.0173982E-9
79.0,2.11394E-9
80.0,2.2129438E-9
81.0,2.3144027E-9
82.0,2.4183073E-9
83.0,2.5246483E-9
84.0,2.6334153E-9
85.0,2.7445968E-9
86.0,2.858181E-9
87.0,2.9741554E-9
88.0,3.0925065E-9
89.0,3.2132204E-9
90.0,3.3362824E-9
91.0,3.4616778E-9
92.0,3.589391E-9
93.0,3.7194063E-9
94.0,3.851707E-9
95.0,3.9862766E-9
96.0,4.123098E-9
97.0,4.2621537E-9
98.0,4.4034265E-9
99.0,4.5468975E-9
100.0,4.6925495E-9
101.0,4.840364E-9
102.0,4.990322E-9
103.0,5.1424047E-9
104.0,5.296594E-9
105.0,5.45287E-9
106.0,5.611214E-9
107.0,5.771607E-9
108.0,5.9340297E-9
109.0,6.098462E-9
110.0,6.2648855E-9
111.0,6.4332806E-9
112.0,6.6036274E-9
113.0,6.775907E-9
114.0,6.9500996E-9
115.0,7.1261863E-9
116.0,7.304147E-9
117.0,7.483963E-9
118.0,7.665615E-9
119.0,7.849084E-9
120.0,8.03435E-9
121.0,8.221394E-9
122.0,8.410198E-9
123.0,8.600742E-9
124.0,8.793009E-9
125.0,8.986978E-9
126.0,9.1826315E-9
127.0,9.379951E-9
128.0,9.578918E-9
129.0,9.779514E-9
130.0,9.981721E-9
131.0,1.0185522E-8
132.0,1.0390897E-8
133.0,1.059783E-8
134.0,1.08063025E-8
135.0,1.1016297E-8
136.0,1.1227797E-8
137.0,1.1440784E-8
138.0,1.1655242E-8
139.0,1.1871154E-8
140.0,1.2088503E-8
141.0,1.2307272E-8
142.0,1.2527445E-8
143.0,1.27490045E-8
144.0,1.2971936E-8
145.0,1.3196223E-8
146.0,1.3421849E-8
147.0,1.36487985E-8
148.0,1.3877057E-8
149.0,1.41066065E-8
150.0,1.4337434E-8
151.0,1.4569524E-8
152.0,1.4802862E-8
153.0,1.503743E-8
154.0,1.527322E-8
155.0,1.551021E-8
156.0,1.574839E-8
157.0,1.5987743E-8
158.0,1.6228258E-8
159.0,1.6469919E-8
160.0,1.6712713E-8
161.0,1.6956628E-8
162.0,1.7201646E-8
163.0,1.7447759E-8
164.0,1.7694951E-8
165.0,1.7943208E-8
166.0,1.819252E-8
167.0,1.8442872E-8
168.0,1.8694251E-8
169.0,1.8946647E-8
170.0,1.9200046E-8
171.0,1.9454436E-8
172.0,1.9709805E-8
173.0,1.9966143E-8
174.0,2.0223434E-8
175.0,2.048167E-8
176.0,2.0740838E-8
177.0,2.1000927E-8
178.0,2.1261926E-8
179.0,2.1523823E-8
180.0,2.1786608E-8
181.0,2.205027E-8
182.0,2.2314797E-8
183.0,2.258018E-8
184.0,2.2846407E-8
185.0,2.311347E-8
186.0,2.3381357E-8
187.0,2.365006E-8
188.0,2.3919565E-8
189.0,2.4189864E-8
190.0,2.4460949E-8
191.0,2.473281E-8
192.0,2.5005434E-8
193.0,2.5278817E-8
194.0,2.5552945E-8
195.0,2.5827811E-8
196.0,2.6103406E-8
197.0,2.6379718E-8
198.0,2.6656743E-8
199.0,2.693447E-8
200.0,2.721289E-8
201.0,2.7491994E-8
202.0,2.7771776E-8
203.0,2.8052224E-8
204.0,2.8333334E-8
205.0,2.8615094E-8
206.0,2.8897498E-8
207.0,2.9180537E-8
208.0,2.9464205E-8
209.0,2.9748492E-8
210.0,3.003339E-8
211.0,3.0318898E-8
212.0,3.0605E-8
213.0,3.089169E-8
214.0,3.1178967E-8
215.0,3.146682E-8
216.0,3.175524E-8
217.0,3.2044216E-8
218.0,3.233375E-8
219.0,3.2623834E-8
220.0,3.2914457E-8
221.0,3.3205616E-8
222.0,3.34973E-8
223.0,3.3789505E-8
224.0,3.4082227E-8
225.0,3.4375454E-8
226.0,3.4669185E-8
227.0,3.4963413E-8
228.0,3.525813E-8
229.0,3.5553327E-8
230.0,3.5849006E-8
231.0,3.6145153E-8
232.0,3.6441765E-8
233.0,3.673884E-8
234.0,3.703637E-8
235.0,3.7334345E-8
236.0,3.7632766E-8
237.0,3.7931624E-8
238.0,3.8230915E-8
239.0,3.8530633E-8
240.0,3.8830773E-8
241.0,3.9131326E-8
242.0,3.9432294E-8
243.0,3.9733667E-8
244.0,4.0035438E-8
245.0,4.033761E-8
246.0,4.064017E-8
247.0,4.0943117E-8
248.0,4.1246444E-8
249.0,4.155015E-8
250.0,4.185423E-8
251.0,4.2158675E-8
252.0,4.2463483E-8
253.0,4.276865E-8
254.0,4.307417E-8
255.0,4.338004E-8
256.0,4.3686256E-8
257.0,4.3992817E-8
258.0,4.429971E-8
259.0,4.4606935E-8
260.0,4.491449E-8
261.0,4.522237E-8
262.0,4.553057E-8
263.0,4.5839087E-8
264.0,4.6147914E-8
265.0,4.6457053E-8
266.0,4.6766495E-8
267.0,4.7076238E-8
268.0,4.738628E-8
269.0,4.7696616E-8
270.0,4.800724E-8
271.0,4.831815E-8
272.0,4.8629346E-8
273.0,4.8940816E-8
274.0,4.9252566E-8
275.0,4.9564587E-8
276.0,4.9876878E-8
277.0,5.0189435E-8
278.0,5.0502255E-8
279.0,5.081533E-8
280.0,5.1128666E-8
281.0,5.1442253E-8
282.0,5.175609E-8
283.0,5.2070174E-8
284.0,5.23845E-8
285.0,5.2699065E-8
286.0,5.301387E-8
287.0,5.332891E-8
288.0,5.3644182E-8
289.0,5.395968E-8
290.0,5.4275407E-8
291.0,5.4591354E-8
292.0,5.4907524E-8
293.0,5.522391E-8
294.0,5.554051E-8
295.0,5.5857328E-8
296.0,5.617435E-8
297.0,5.649158E-8
298.0,5.6809014E-8
299.0,5.7126652E-8
300.0,5.744449E-8
301.0,5.7762524E-8
302.0,5.808075E-8
303.0,5.839917E-8
304.0,5.871778E-8
305.0,5.903658E-8
306.0,5.935556E-8
307.0,5.9674726E-8
308.0,5.999407E-8
309.0,6.0313596E-8
310.0,6.06333E-8
311.0,6.095317E-8
312.0,6.127321E-8
313.0,6.159343E-8
314.0,6.191381E-8
315.0,6.223436E-8
316.0,6.2555074E-8
317.0,6.287594E-8
318.0,6.319698E-8
319.0,6.3518165E-8
320.0,6.383951E-8
321.0,6.416101E-8
322.0,6.4482656E-8
323.0,6.480445E-8
324.0,6.51264E-8
325.0,6.5448496E-8
326.0,6.5770735E-8
327.0,6.6093115E-8
328.0,6.641563E-8
329.0,6.6738295E-8
330.0,6.706109E-8
331.0,6.738402E-8
332.0,6.7707084E-8
333.0,6.803028E-8
334.0,6.8353614E-8
335.0,6.867707E-8
336.0,6.900065E-8
337.0,6.9324365E-8
338.0,6.9648195E-8
339.0,6.997215E-8
340.0,7.029623E-8
341.0,7.062042E-8
342.0,7.094474E-8
343.0,7.126917E-8
344.0,7.159372E-8
345.0,7.191838E-8
346.0,7.2243154E-8
347.0,7.2568035E-8
348.0,7.289303E-8
349.0,7.321813E-8
350.0,7.354334E-8
351.0,7.3868655E-8
352.0,7.419408E-8
353.0,7.45196E-8
354.0,7.484522E-8
355.0,7.517094E-8
356.0,7.5496764E-8
357.0,7.582268E-8
358.0,7.61487E-8
359.0,7.647481E-8
360.0,7.680102E-8
361.0,7.712732E-8
362.0,7.745371E-8
363.0,7.778019E-8
364.0,7.8106765E-8
365.0,7.843343E-8
366.0,7.876017E-8
367.0,7.908701E-8
368.0,7.941393E-8
369.0,7.9740936E-8
370.0,8.006802E-8
371.0,8.0395196E-8
372.0,8.0722444E-8
373.0,8.104978E-8
374.0,8.137719E-8
375.0,8.170468E-8
376.0,8.2032244E-8
377.0,8.235988E-8
378.0,8.26876E-8
379.0,8.3015394E-8
380.0,8.334326E-8
381.0,8.3671196E-8
382.0,8.3999204E-8
383.0,8.432729E-8
384.0,8.465544E-8
385.0,8.4983654E-8
386.0,8.5311946E-8
387.0,8.56403E-8
388.0,8.596872E-8
389.0,8.6297206E-8
390.0,8.662576E-8
391.0,8.695437E-8
392.0,8.7283055E-8
393.0,8.7611795E-8
394.0,8.79406E-8
395.0,8.8269466E-8
396.0,8.859839E-8
397.0,8.892737E-8
398.0,8.925642E-8
399.0,8.958551E-8
400.0,8.991467E-8
401.0,9.024389E-8
402.0,9.057316E-8
403.0,9.090248E-8
404.0,9.123186E-8
405.0,9.15613E-8
406.0,9.189078E-8
407.0,9.2220326E-8
408.0,9.254991E-8
409.0,9.287955E-8
410.0,9.3209245E-8
411.0,9.353899E-8
412.0,9.3868785E-8
413.0,9.4198626E-8
414.0,9.452851E-8
415.0,9.485845E-8
416.0,9.518843E-8
417.0,9.551846E-8
418.0,9.5848534E-8
419.0,9.617865E-8
420.0,9.650882E-8
421.0,9.6839024E-8
422.0,9.716928E-8
423.0,9.749957E-8
424.0,9.782991E-8
425.0,9.816029E-8
426.0,9.849071E-8
427.0,9.8821175E-8
428.0,9.915168E-8
429.0,9.9482214E-8
430.0,9.98128E-8
431.0,1.0014342E-7
432.0,1.00474075E-7
433.0,1.00804776E-7
434.0,1.01135505E-7
435.0,1.0146628E-7
436.0,1.01797085E-7
437.0,1.0212793E-7
438.0,1.02458806E-7
439.0,1.0278972E-7
440.0,1.0312067E-7
441.0,1.03451654E-7
442.0,1.03782675E-7
443.0,1.04113724E-7
444.0,1.0444481E-7
445.0,1.0477592E-7
446.0,1.0510707E-7
447.0,1.05438254E-7
448.0,1.05769466E-7
449.0,1.0610071E-7
450.0,1.06431976E-7
451.0,1.0676328E-7
452.0,1.07094614E-7
453.0,1.0742598E-7
454.0,1.0775737E-7
455.0,1.0808879E-7
456.0,1.08420245E-7
457.0,1.0875172E-7
458.0,1.09083224E-7
459.0,1.0941476E-7
460.0,1.0974632E-7
461.0,1.10077906E-7
462.0,1.1040952E-7
463.0,1.1074116E-7
464.0,1.1107282E-7
465.0,1.1140452E-7
466.0,1.1173623E-7
467.0,1.1206797E-7
468.0,1.1239973E-7
469.0,1.1273153E-7
470.0,1.1306334E-7
471.0,1.13395174E-7
472.0,1.1372703E-7
473.0,1.1405891E-7
474.0,1.1439082E-7
475.0,1.1472275E-7
476.0,1.15054696E-7
477.0,1.1538667E-7
478.0,1.1571866E-7
479.0,1.1605068E-7
480.0,1.16382715E-7
481.0,1.1671477E-7
482.0,1.1704685E-7
483.0,1.17378946E-7
484.0,1.1771107E-7
485.0,1.18043204E-7
486.0,1.1837536E-7
487.0,1.1870754E-7
488.0,1.1903973E-7
489.0,1.1937195E-7
490.0,1.1970418E-7
491.0,1.2003643E-7
492.0,1.203687E-7
493.0,1.2070099E-7
494.0,1.210333E-7
495.0,1.2136562E-7
496.0,1.2169795E-7
497.0,1.2203031E-7
498.0,1.2236269E-7
499.0,1.2269508E-7
500.0,1.2302749E-7
501.0,1.2335991E-7
502.0,1.2369235E-7
503.0,1.2402481E-7
504.0,1.2435727E-7
505.0,1.2468976E-7
506.0,1.2502227E-7
507.0,1.2535477E-7
508.0,1.2568731E-7
509.0,1.2601986E-7
510.0,1.2635242E-7
511.0,1.26685E-7
512.0,1.2701759E-7
513.0,1.2735018E-7
514.0,1.276828E-7
515.0,1.2801543E-7
516.0,1.2834808E-7
517.0,1.2868072E-7
518.0,1.290134E-7
519.0,1.2934608E-7
520.0,1.2967878E-7
521.0,1.3001149E-7
522.0,1.303442E-7
523.0,1.3067694E-7
524.0,1.3100968E-7
525.0,1.3134245E-7
526.0,1.3167522E-7
527.0,1.32008E-7
528.0,1.3234079E-7
529.0,1.3267359E-7
530.0,1.3300641E-7
531.0,1.3333924E-7
532.0,1.3367207E-7
533.0,1.3400492E-7
534.0,1.3433778E-7
535.0,1.3467066E-7
536.0,1.3500353E-7
537.0,1.3533642E-7
538.0,1.3566932E-7
539.0,1.3600223E-7
540.0,1.3633516E-7
541.0,1.3666809E-7
542.0,1.3700102E-7
543.0,1.3733397E-7
544.0,1.3766693E-7
545.0,1.379999E-7
546.0,1.3833288E-7
547.0,1.3866587E-7
548.0,1.3899887E-7
549.0,1.3933187E-7
550.0,1.3966489E-7
551.0,1.3999791E-7
552.0,1.4033094E-7
553.0,1.4066399E-7
554.0,1.4099703E-7
555.0,1.4133009E-7
556.0,1.4166315E-7
557.0,1.4199622E-7
558.0,1.423293E-7
559.0,1.4266239E-7
560.0,1.4299549E-7
561.0,1.4332859E-7
562.0,1.4366171E-7
563.0,1.4399482E-7
564.0,1.4432796E-7
565.0,1.4466109E-7
566.0,1.4499423E-7
567.0,1.4532738E-7
568.0,1.4566052E-7
569.0,1.459937E-7
570.0,1.4632685E-7
571.0,1.4666003E-7
572.0,1.4699322E-7
573.0,1.473264E-7
574.0,1.476596E-7
575.0,1.4799281E-7
576.0,1.4832601E-7
577.0,1.4865923E-7
578.0,1.4899244E-7
579.0,1.4932567E-7
580.0,1.496589E-7
581.0,1.4999215E-7
582.0,1.5032539E-7
583.0,1.5065864E-7
584.0,1.509919E-7
585.0,1.5132517E-7
586.0,1.5165843E-7
587.0,1.519917E-7
588.0,1.5232499E-7
589.0,1.5265826E-7
590.0,1.5299156E-7
591.0,1.5332485E-7
592.0,1.5365815E-7
593.0,1.5399145E-7
594.0,1.5432477E-7
595.0,1.5465808E-7
596.0,1.549914E-7
597.0,1.5532473E-7
598.0,1.5565806E-7
599.0,1.5599139E-7
600.0,1.5632473E-7
601.0,1.5665807E-7
602.0,1.5699142E-7
603.0,1.5732478E-7
604.0,1.5765814E-7
605.0,1.579915E-7
606.0,1.5832487E-7
607.0,1.5865824E-7
608.0,1.5899161E-7
609.0,1.5932498E-7
610.0,1.5965837E-7
611.0,1.5999176E-7
612.0,1.6032514E-7
613.0,1.6065854E-7
614.0,1.6099195E-7
615.0,1.6132535E-7
616.0,1.6165876E-7
617.0,1.6199216E-7
618.0,1.6232558E-7
619.0,1.62659E-7
620.0,1.6299242E-7
621.0,1.6332585E-7
622.0,1.6365928E-7
623.0,1.6399271E-7
624.0,1.6432615E-7
625.0,1.646596E-7
626.0,1.6499304E-7
627.0,1.6532648E-7
628.0,1.6565993E-7
629.0,1.6599338E-7
630.0,1.6632684E-7
631.0,1.666603E-7
632.0,1.6699376E-7
633.0,1.6732723E-7
634.0,1.676607E-7
635.0,1.6799417E-7
636.0,1.6832765E-7
637.0,1.6866113E-7
638.0,1.689946E-7
639.0,1.6932809E-7
640.0,1.6966158E-7
641.0,1.6999506E-7
642.0,1.7032856E-7
643.0,1.7066205E-7
644.0,1.7099555E-7
645.0,1.7132905E-7
646.0,1.7166256E-7
647.0,1.7199606E-7
648.0,1.7232958E-7
649.0,1.7266308E-7
650.0,1.729966E-7
651.0,1.7333011E-7
652.0,1.7366364E-7
653.0,1.7399715E-7
654.0,1.7433068E-7
655.0,1.7466421E-7
656.0,1.7499772E-7
657.0,1.7533127E-7
658.0,1.756648E-7
659.0,1.7599832E-7
660.0,1.7633187E-7
661.0,1.7666541E-7
662.0,1.7699895E-7
663.0,1.773325E-7
664.0,1.7766604E-7
665.0,1.7799958E-7
666.0,1.7833314E-7
667.0,1.7866668E-7
668.0,1.7900024E-7
669.0,1.793338E-7
670.0,1.7966735E-7
671.0,1.8000091E-7
672.0,1.8033448E-7
673.0,1.8066804E-7
674.0,1.8100161E-7
675.0,1.8133518E-7
676.0,1.8166874E-7
677.0,1.8200231E-7
678.0,1.8233588E-7
679.0,1.8266947E-7
680.0,1.8300304E-7
681.0,1.8333662E-7
682.0,1.836702E-7
683.0,1.8400378E-7
684.0,1.8433737E-7
685.0,1.8467095E-7
686.0,1.8500454E-7
687.0,1.8533812E-7
688.0,1.8567171E-7
689.0,1.8600531E-7
690.0,1.863389E-7
691.0,1.866725E-7
692.0,1.8700608E-7
693.0,1.8733968E-7
694.0,1.8767328E-7
695.0,1.8800688E-7
696.0,1.8834048E-7
697.0,1.886741E-7
698.0,1.890077E-7
699.0,1.8934129E-7
700.0,1.896749E-7
701.0,1.900085E-7
702.0,1.9034212E-7
703.0,1.9067573E-7
704.0,1.9100935E-7
705.0,1.9134296E-7
706.0,1.9167658E-7
707.0,1.9201019E-7
708.0,1.923438E-7
709.0,1.9267742E-7
710.0,1.9301105E-7
711.0,1.9334466E-7
712.0,1.9367829E-7
713.0,1.9401192E-7
714.0,1.9434553E-7
715.0,1.9467916E-7
716.0,1.9501279E-7
717.0,1.9534642E-7
718.0,1.9568004E-7
719.0,1.9601367E-7
720.0,1.963473E-7
721.0,1.9668094E-7
722.0,1.9701457E-7
723.0,1.973482E-7
724.0,1.9768184E-7
725.0,1.9801547E-7
726.0,1.9834911E-7
727.0,1.9868276E-7
728.0,1.9901638E-7
729.0,1.9935003E-7
730.0,1.9968367E-7
731.0,2.0001731E-7
732.0,2.0035095E-7
733.0,2.006846E-7
734.0,2.0101824E-7
735.0,2.0135188E-7
736.0,2.0168554E-7
737.0,2.0201918E-7
738.0,2.0235282E-7
739.0,2.0268648E-7
740.0,2.0302012E-7
741.0,2.0335378E-7
742.0,2.0368742E-7
743.0,2.0402108E-7
744.0,2.0435473E-7
745.0,2.0468838E-7
746.0,2.0502203E-7
747.0,2.0535569E-7
748.0,2.0568935E-7
749.0,2.06023E-7
750.0,2.0635666E-7
751.0,2.0669032E-7
752.0,2.0702397E-7
753.0,2.0735764E-7
754.0,2.076913E-7
755.0,2.0802496E-7
756.0,2.0835861E-7
757.0,2.0869228E-7
758.0,2.0902594E-7
759.0,2.0935961E-7
760.0,2.0969327E-7
761.0,2.1002694E-7
762.0,2.103606E-7
763.0,2.1069427E-7
764.0,2.1102794E-7
765.0,2.113616E-7
766.0,2.1169527E-7
767.0,2.1202894E-7
768.0,2.1236261E-7
769.0,2.1269628E-7
770.0,2.1302995E-7
771.0,2.133636E-7
772.0,2.1369728E-7
773.0,2.1403096E-7
774.0,2.1436463E-7
775.0,2.146983E-7
776.0,2.1503197E-7
777.0,2.1536565E-7
778.0,2.1569932E-7
779.0,2.16033E-7
780.0,2.1636667E-7
781.0,2.1670034E-7
782.0,2.1703403E-7
783.0,2.173677E-7
784.0,2.1770137E-7
785.0,2.1803505E-7
786.0,2.1836873E-7
787.0,2.1870241E-7
788.0,2.1903608E-7
789.0,2.1936977E-7
790.0,2.1970345E-7
791.0,2.2003712E-7
792.0,2.2037081E-7
793.0,2.207045E-7
794.0,2.2103816E-7
795.0,2.2137185E-7
796.0,2.2170553E-7
797.0,2.2203922E-7
798.0,2.223729E-7
799.0,2.2270659E-7
800.0,2.2304027E-7
801.0,2.2337395E-7
802.0,2.2370763E-7
803.0,2.2404132E-7
804.0,2.24375E-7
805.0,2.247087E-7
806.0,2.2504238E-7
807.0,2.2537607E-7
808.0,2.2570975E-7
809.0,2.2604344E-7
810.0,2.2637713E-7
811.0,2.2671081E-7
812.0,2.2704451E-7
813.0,2.273782E-7
814.0,2.2771188E-7
815.0,2.2804556E-7
816.0,2.2837926E-7
817.0,2.2871295E-7
818.0,2.2904663E-7
819.0,2.2938033E-7
820.0,2.2971402E-7
821.0,2.3004772E-7
822.0,2.303814E-7
823.0,2.3071509E-7
824.0,2.3104879E-7
825.0,2.3138247E-7
826.0,2.3171617E-7
827.0,2.3204986E-7
828.0,2.3238356E-7
829.0,2.3271726E-7
830.0,2.3305094E-7
831.0,2.3338464E-7
832.0,2.3371832E-7
833.0,2.3405202E-7
834.0,2.3438572E-7
835.0,2.3471941E-7
836.0,2.3505311E-7
837.0,2.353868E-7
838.0,2.357205E-7
839.0,2.3605419E-7
840.0,2.3638789E-7
841.0,2.3672159E-7
842.0,2.3705529E-7
843.0,2.3738899E-7
844.0,2.3772267E-7
845.0,2.3805637E-7
846.0,2.3839007E-7
847.0,2.3872377E-7
848.0,2.3905747E-7
849.0,2.3939117E-7
850.0,2.3972487E-7
851.0,2.4005857E-7
852.0,2.4039227E-7
853.0,2.4072597E-7
854.0,2.4105967E-7
855.0,2.4139337E-7
856.0,2.4172707E-7
857.0,2.4206076E-7
858.0,2.4239446E-7
859.0,2.4272816E-7
860.0,2.4306186E-7
861.0,2.4339556E-7
862.0,2.4372926E-7
863.0,2.4406296E-7
864.0,2.4439666E-7
865.0,2.4473036E-7
866.0,2.4506406E-7
867.0,2.4539776E-7
868.0,2.4573146E-7
869.0,2.4606516E-7
870.0,2.4639886E-7
871.0,2.4673258E-7
872.0,2.4706628E-7
873.0,2.4739998E-7
874.0,2.4773368E-7
875.0,2.4806738E-7
876.0,2.4840108E-7
877.0,2.4873478E-7
878.0,2.4906848E-7
879.0,2.494022E-7
880.0,2.497359E-7
881.0,2.500696E-7
882.0,2.504033E-7
883.0,2.50737E-7
884.0,2.510707E-7
885.0,2.5140443E-7
886.0,2.5173813E-7
887.0,2.5207183E-7
888.0,2.5240553E-7
889.0,2.5273923E-7
890.0,2.5307293E-7
891.0,2.5340665E-7
892.0,2.5374035E-7
893.0,2.5407405E-7
894.0,2.5440775E-7
895.0,2.5474145E-7
896.0,2.5507518E-7
897.0,2.5540888E-7
898.0,2.5574258E-7
899.0,2.5607628E-7
900.0,2.5641E-7
901.0,2.567437E-7
902.0,2.570774E-7
903.0,2.574111E-7
904.0,2.5774483E-7
905.0,2.5807853E-7
906.0,2.5841223E-7
907.0,2.5874593E-7
908.0,2.5907966E-7
909.0,2.5941335E-7
910.0,2.5974705E-7
911.0,2.6008075E-7
912.0,2.6041448E-7
913.0,2.6074818E-7
914.0,2.6108188E-7
915.0,2.6141558E-7
916.0,2.617493E-7
917.0,2.62083E-7
918.0,2.624167E-7
919.0,2.6275043E-7
920.0,2.6308413E-7
921.0,2.6341783E-7
922.0,2.6375156E-7
923.0,2.6408526E-7
924.0,2.6441896E-7
925.0,2.6475269E-7
926.0,2.6508638E-7
927.0,2.6542008E-7
928.0,2.6575378E-7
929.0,2.660875E-7
930.0,2.664212E-7
931.0,2.667549E-7
932.0,2.6708864E-7
933.0,2.6742234E-7
934.0,2.6775606E-7
935.0,2.6808976E-7
936.0,2.6842346E-7
937.0,2.687572E-7
938.0,2.690909E-7
939.0,2.694246E-7
940.0,2.6975832E-7
941.0,2.7009202E-7
942.0,2.7042572E-7
943.0,2.7075944E-7
944.0,2.7109314E-7
945.0,2.7142684E-7
946.0,2.7176057E-7
947.0,2.7209427E-7
948.0,2.72428E-7
949.0,2.727617E-7
950.0,2.730954E-7
951.0,2.7342912E-7
952.0,2.7376282E-7
953.0,2.7409652E-7
954.0,2.7443025E-7
955.0,2.7476395E-7
956.0,2.7509768E-7
957.0,2.7543138E-7
958.0,2.7576507E-7
959.0,2.760988E-7
960.0,2.764325E-7
961.0,2.7676623E-7
962.0,2.7709993E-7
963.0,2.7743363E-7
964.0,2.7776736E-7
965.0,2.7810106E-7
966.0,2.7843478E-7
967.0,2.7876848E-7
968.0,2.7910218E-7
969.0,2.794359E-7
970.0,2.797696E-7
971.0,2.8010334E-7
972.0,2.8043704E-7
973.0,2.8077076E-7
974.0,2.8110446E-7
975.0,2.8143816E-7
976.0,2.817719E-7
977.0,2.821056E-7
978.0,2.8243932E-7
979.0,2.8277302E-7
980.0,2.8310671E-7
981.0,2.8344044E-7
982.0,2.8377414E-7
983.0,2.8410787E-7
984.0,2.8444157E-7
985.0,2.847753E-7
986.0,2.85109E-7
987.0,2.8544272E-7
988.0,2.8577642E-7
989.0,2.8611012E-7
990.0,2.8644385E-7
991.0,2.8677755E-7
992.0,2.8711128E-7
993.0,2.8744498E-7
994.0,2.877787E-7
995.0,2.881124E-7
996.0,2.8844613E-7
997.0,2.8877983E-7
998.0,2.8911353E-7
999.0,2.8944726E-7
1000.0,2.8978096E-7
1001.0,2.9011468E-7
1002.0,2.9044838E-7
1003.0,2.907821E-7
1004.0,2.911158E-7
1005.0,2.9144954E-7
1006.0,2.9178324E-7
1007.0,2.9211697E-7
1008.0,2.9245066E-7
1009.0,2.927844E-7
1010.0,2.931181E-7
1011.0,2.934518E-7
1012.0,2.9378552E-7
1013.0,2.9411922E-7
1014.0,2.9445295E-7
1015.0,2.9478664E-7
1016.0,2.9512037E-7
1017.0,2.9545407E-7
1018.0,2.957878E-7
1019.0,2.961215E-7
1020.0,2.9645523E-7
1021.0,2.9678893E-7
1022.0,2.9712265E-7
1023.0,2.9745635E-7
1024.0,2.9779008E-7
1025.0,2.9812378E-7
1026.0,2.984575E-7
1027.0,2.987912E-7
1028.0,2.9912493E-7
1029.0,2.9945863E-7
1030.0,2.9979233E-7
1031.0,3.0012606E-7
1032.0,3.0045976E-7
1033.0,3.007935E-7
1034.0,3.011272E-7
1035.0,3.0146091E-7
1036.0,3.017946E-7
1037.0,3.0212834E-7
1038.0,3.0246204E-7
1039.0,3.0279577E-7
1040.0,3.0312947E-7
1041.0,3.034632E-7
1042.0,3.037969E-7
1043.0,3.0413062E-7
1044.0,3.0446432E-7
1045.0,3.0479805E-7
1046.0,3.0513175E-7
1047.0,3.0546548E-7
1048.0,3.0579918E-7
1049.0,3.061329E-7
1050.0,3.064666E-7
1051.0,3.0680033E-7
1052.0,3.0713403E-7
1053.0,3.0746776E-7
1054.0,3.0780146E-7
1055.0,3.0813518E-7
1056.0,3.0846888E-7
1057.0,3.088026E-7
1058.0,3.091363E-7
1059.0,3.0947004E-7
1060.0,3.0980374E-7
1061.0,3.1013747E-7
1062.0,3.1047117E-7
1063.0,3.108049E-7
1064.0,3.111386E-7
1065.0,3.1147232E-7
1066.0,3.1180602E-7
1067.0,3.1213975E-7
1068.0,3.1247345E-7
1069.0,3.1280717E-7
1070.0,3.1314087E-7
1071.0,3.134746E-7
1072.0,3.138083E-7
1073.0,3.1414203E-7
1074.0,3.1447573E-7
1075.0,3.1480945E-7
1076.0,3.1514315E-7
1077.0,3.1547688E-7
1078.0,3.1581058E-7
1079.0,3.161443E-7
1080.0,3.16478E-7
1081.0,3.1681174E-7
1082.0,3.1714546E-7
1083.0,3.1747916E-7
1084.0,3.178129E-7
1085.0,3.181466E-7
1086.0,3.1848032E-7
1087.0,3.1881402E-7
1088.0,3.1914774E-7
1089.0,3.1948144E-7
1090.0,3.1981517E-7
1091.0,3.2014887E-7
1092.0,3.204826E-7
1093.0,3.208163E-7
1094.0,3.2115003E-7
1095.0,3.2148372E-7
1096.0,3.2181745E-7
1097.0,3.2215115E-7
1098.0,3.2248488E-7
1099.0,3.2281858E-7
1100.0,3.231523E-7
1101.0,3.23486E-7
1102.0,3.2381973E-7
1103.0,3.2415343E-7
1104.0,3.2448716E-7
1105.0,3.2482086E-7
1106.0,3.251546E-7
1107.0,3.254883E-7
1108.0,3.2582201E-7
1109.0,3.261557E-7
1110.0,3.2648944E-7
1111.0,3.2682317E-7
1112.0,3.2715687E-7
1113.0,3.274906E-7
1114.0,3.278243E-7
1115.0,3.2815802E-7
1116.0,3.2849172E-7
1117.0,3.2882545E-7
1118.0,3.2915915E-7
1119.0,3.2949288E-7
1120.0,3.2982658E-7
1121.0,3.301603E-7
1122.0,3.30494E-7
1123.0,3.3082773E-7
1124.0,3.3116143E-7
1125.0,3.3149516E-7
1126.0,3.3182886E-7
1127.0,3.3216259E-7
1128.0,3.3249628E-7
1129.0,3.3283E-7
1130.0,3.3316374E-7
1131.0,3.3349744E-7
1132.0,3.3383117E-7
1133.0,3.3416487E-7
1134.0,3.344986E-7
1135.0,3.348323E-7
1136.0,3.3516602E-7
1137.0,3.3549972E-7
1138.0,3.3583345E-7
1139.0,3.3616715E-7
1140.0,3.3650088E-7
1141.0,3.3683457E-7
1142.0,3.371683E-7
1143.0,3.37502E-7
1144.0,3.3783573E-7
1145.0,3.3816943E-7
1146.0,3.3850316E-7
1147.0,3.3883688E-7
1148.0,3.3917058E-7
1149.0,3.395043E-7
1150.0,3.39838E-7
1151.0,3.4017174E-7
1152.0,3.4050544E-7
1153.0,3.4083916E-7
1154.0,3.4117286E-7
1155.0,3.415066E-7
1156.0,3.418403E-7
1157.0,3.4217402E-7
1158.0,3.4250772E-7
1159.0,3.4284145E-7
1160.0,3.4317515E-7
1161.0,3.4350887E-7
1162.0,3.438426E-7
1163.0,3.441763E-7
1164.0,3.4451003E-7
1165.0,3.4484373E-7
1166.0,3.4517745E-7
1167.0,3.4551115E-7
1168.0,3.4584488E-7
1169.0,3.4617858E-7
1170.0,3.465123E-7
1171.0,3.46846E-7
1172.0,3.4717974E-7
1173.0,3.4751343E-7
1174.0,3.4784716E-7
1175.0,3.4818086E-7
1176.0,3.485146E-7
1177.0,3.4884832E-7
1178.0,3.4918202E-7
1179.0,3.4951574E-7
1180.0,3.4984944E-7
1181.0,3.5018317E-7
1182.0,3.5051687E-7
1183.0,3.508506E-7
1184.0,3.511843E-7
1185.0,3.5151803E-7
1186.0,3.5185172E-7
1187.0,3.5218545E-7
1188.0,3.5251915E-7
1189.0,3.5285288E-7
1190.0,3.5318658E-7
1191.0,3.535203E-7
1192.0,3.5385403E-7
1193.0,3.5418773E-7
1194.0,3.5452146E-7
1195.0,3.5485516E-7
1196.0,3.551889E-7
1197.0,3.555226E-7
1198.0,3.5585632E-7
1199.0,3.5619001E-7
1200.0,3.5652374E-7
1201.0,3.5685744E-7
1202.0,3.5719117E-7
1203.0,3.5752487E-7
1204.0,3.578586E-7
1205.0,3.5819232E-7
1206.0,3.5852602E-7
1207.0,3.5885975E-7
1208.0,3.5919345E-7
1209.0,3.5952718E-7
1210.0,3.5986088E-7
1211.0,3.601946E-7
1212.0,3.605283E-7
1213.0,3.6086203E-7
1214.0,3.6119573E-7
1215.0,3.6152946E-7
1216.0,3.6186316E-7
1217.0,3.621969E-7
1218.0,3.625306E-7
1219.0,3.628643E-7
1220.0,3.6319804E-7
1221.0,3.6353174E-7
1222.0,3.6386547E-7
1223.0,3.6419917E-7
1224.0,3.645329E-7
1225.0,3.648666E-7
1226.0,3.6520032E-7
1227.0,3.6553402E-7
1228.0,3.6586775E-7
1229.0,3.6620148E-7
1230.0,3.6653518E-7
1231.0,3.668689E-7
1232.0,3.672026E-7
1233.0,3.6753633E-7
1234.0,3.6787003E-7
1235.0,3.6820376E-7
1236.0,3.6853746E-7
1237.0,3.6887118E-7
1238.0,3.6920488E-7
1239.0,3.695386E-7
1240.0,3.698723E-7
1241.0,3.7020604E-7
1242.0,3.7053977E-7
1243.0,3.7087347E-7
1244.0,3.712072E-7
1245.0,3.715409E-7
1246.0,3.7187462E-7
1247.0,3.7220832E-7
1248.0,3.7254205E-7
1249.0,3.7287575E-7
1250.0,3.7320947E-7
1251.0,3.7354317E-7
1252.0,3.738769E-7
1253.0,3.742106E-7
1254.0,3.7454433E-7
1255.0,3.7487806E-7
1256.0,3.7521175E-7
1257.0,3.7554548E-7
1258.0,3.7587918E-7
1259.0,3.762129E-7
1260.0,3.765466E-7
1261.0,3.7688034E-7
1262.0,3.7721404E-7
1263.0,3.7754776E-7
1264.0,3.7788146E-7
1265.0,3.782152E-7
1266.0,3.7854892E-7
1267.0,3.7888262E-7
1268.0,3.7921635E-7
1269.0,3.7955004E-7
1270.0,3.7988377E-7
1271.0,3.8021747E-7
1272.0,3.805512E-7
1273.0,3.808849E-7
1274.0,3.8121863E-7
1275.0,3.8155233E-7
1276.0,3.8188605E-7
1277.0,3.8221975E-7
1278.0,3.8255348E-7
1279.0,3.828872E-7
1280.0,3.832209E-7
1281.0,3.8355464E-7
1282.0,3.8388833E-7
1283.0,3.8422206E-7
1284.0,3.8455576E-7
1285.0,3.848895E-7
1286.0,3.852232E-7
1287.0,3.8555692E-7
1288.0,3.8589062E-7
1289.0,3.8622434E-7
1290.0,3.8655807E-7
1291.0,3.8689177E-7
1292.0,3.872255E-7
1293.0,3.875592E-7
1294.0,3.8789292E-7
1295.0,3.8822662E-7
1296.0,3.8856035E-7
1297.0,3.8889405E-7
1298.0,3.8922778E-7
1299.0,3.8956148E-7
1300.0,3.898952E-7
1301.0,3.9022893E-7
1302.0,3.9056263E-7
1303.0,3.9089636E-7
1304.0,3.9123006E-7
1305.0,3.915638E-7
1306.0,3.918975E-7
1307.0,3.9223121E-7
1308.0,3.925649E-7
1309.0,3.9289864E-7
1310.0,3.9323234E-7
1311.0,3.9356607E-7
1312.0,3.9389977E-7
1313.0,3.942335E-7
1314.0,3.9456722E-7
1315.0,3.9490092E-7
1316.0,3.9523465E-7
1317.0,3.9556835E-7
1318.0,3.9590208E-7
1319.0,3.9623578E-7
1320.0,3.965695E-7
1321.0,3.969032E-7
1322.0,3.9723693E-7
1323.0,3.9757063E-7
1324.0,3.9790436E-7
1325.0,3.982381E-7
1326.0,3.9857179E-7
1327.0,3.989055E-7
1328.0,3.992392E-7
1329.0,3.9957294E-7
1330.0,3.9990664E-7
1331.0,4.0024037E-7
1332.0,4.0057407E-7
1333.0,4.009078E-7
1334.0,4.012415E-7
1335.0,4.0157522E-7
1336.0,4.0190895E-7
1337.0,4.0224265E-7
1338.0,4.0257638E-7
1339.0,4.0291008E-7
1340.0,4.032438E-7
1341.0,4.035775E-7
1342.0,4.0391123E-7
1343.0,4.0424493E-7
1344.0,4.0457866E-7
1345.0,4.0491236E-7
1346.0,4.0524608E-7
1347.0,4.055798E-7
1348.0,4.059135E-7
1349.0,4.0624724E-7
1350.0,4.0658094E-7
1351.0,4.0691467E-7
1352.0,4.0724836E-7
1353.0,4.075821E-7
1354.0,4.079158E-7
1355.0,4.0824952E-7
1356.0,4.0858322E-7
1357.0,4.0891695E-7
1358.0,4.0925067E-7
1359.0,4.0958437E-7
1360.0,4.099181E-7
1361.0,4.102518E-7
1362.0,4.1058553E-7
1363.0,4.1091923E-7
1364.0,4.1125296E-7
1365.0,4.1158665E-7
1366.0,4.1192038E-7
1367.0,4.1225408E-7
1368.0,4.125878E-7
1369.0,4.1292154E-7
1370.0,4.1325524E-7
1371.0,4.1358896E-7
1372.0,4.1392266E-7
1373.0,4.142564E-7
1374.0,4.145901E-7
1375.0,4.1492382E-7
1376.0,4.1525752E-7
1377.0,4.1559124E-7
1378.0,4.1592494E-7
1379.0,4.1625867E-7
1380.0,4.1659237E-7
1381.0,4.169261E-7
1382.0,4.1725983E-7
1383.0,4.1759353E-7
1384.0,4.1792725E-7
1385.0,4.1826095E-7
1386.0,4.1859468E-7
1387.0,4.1892838E-7
1388.0,4.192621E-7
1389.0,4.195958E-7
1390.0,4.1992953E-7
1391.0,4.2026323E-7
1392.0,4.2059696E-7
1393.0,4.209307E-7
1394.0,4.212644E-7
1395.0,4.2159812E-7
1396.0,4.2193182E-7
1397.0,4.2226554E-7
1398.0,4.2259924E-7
1399.0,4.2293297E-7
1400.0,4.2326667E-7
1401.0,4.236004E-7
1402.0,4.239341E-7
1403.0,4.2426782E-7
1404.0,4.2460155E-7
1405.0,4.2493525E-7
1406.0,4.2526898E-7
1407.0,4.2560268E-7
1408.0,4.259364E-7
1409.0,4.262701E-7
1410.0,4.2660383E-7
1411.0,4.2693753E-7
1412.0,4.2727126E-7
1413.0,4.2760496E-7
1414.0,4.279387E-7
1415.0,4.2827241E-7
1416.0,4.286061E-7
1417.0,4.2893984E-7
1418.0,4.2927354E-7
1419.0,4.2960727E-7
1420.0,4.2994097E-7
1421.0,4.302747E-7
1422.0,4.306084E-7
1423.0,4.3094212E-7
1424.0,4.3127582E-7
1425.0,4.3160955E-7
1426.0,4.3194328E-7
1427.0,4.3227698E-7
1428.0,4.326107E-7
1429.0,4.329444E-7
1430.0,4.3327813E-7
1431.0,4.3361183E-7
1432.0,4.3394556E-7
1433.0,4.3427926E-7
1434.0,4.3461299E-7
1435.0,4.3494668E-7
1436.0,4.352804E-7
1437.0,4.3561414E-7
1438.0,4.3594784E-7
1439.0,4.3628157E-7
1440.0,4.3661527E-7
1441.0,4.36949E-7
1442.0,4.372827E-7
1443.0,4.3761642E-7
1444.0,4.3795012E-7
1445.0,4.3828385E-7
1446.0,4.3861755E-7
1447.0,4.3895128E-7
1448.0,4.39285E-7
1449.0,4.396187E-7
1450.0,4.3995243E-7
1451.0,4.4028613E-7
1452.0,4.4061986E-7
1453.0,4.4095356E-7
1454.0,4.4128728E-7
1455.0,4.4162098E-7
1456.0,4.419547E-7
1457.0,4.422884E-7
1458.0,4.4262214E-7
1459.0,4.4295587E-7
1460.0,4.4328957E-7
1461.0,4.436233E-7
1462.0,4.43957E-7
1463.0,4.4429072E-7
1464.0,4.4462442E-7
1465.0,4.4495815E-7
1466.0,4.4529185E-7
1467.0,4.4562557E-7
1468.0,4.4595927E-7
1469.0,4.46293E-7
1470.0,4.4662673E-7
1471.0,4.4696043E-7
1472.0,4.4729416E-7
1473.0,4.4762785E-7
1474.0,4.4796158E-7
1475.0,4.4829528E-7
1476.0,4.48629E-7
1477.0,4.489627E-7
1478.0,4.4929644E-7
1479.0,4.4963014E-7
1480.0,4.4996386E-7
1481.0,4.502976E-7
1482.0,4.506313E-7
1483.0,4.5096502E-7
1484.0,4.5129872E-7
1485.0,4.5163245E-7
1486.0,4.5196614E-7
1487.0,4.5229987E-7
1488.0,4.5263357E-7
1489.0,4.529673E-7
1490.0,4.53301E-7
1491.0,4.5363473E-7
1492.0,4.5396845E-7
1493.0,4.5430215E-7
1494.0,4.5463588E-7
1495.0,4.5496958E-7
1496.0,4.553033E-7
1497.0,4.55637E-7
1498.0,4.5597073E-7
1499.0,4.5630443E-7
1500.0,4.5663816E-7
1501.0,4.5697186E-7
1502.0,4.573056E-7
1503.0,4.5763932E-7
1504.0,4.5797302E-7
1505.0,4.5830674E-7
1506.0,4.5864044E-7
1507.0,4.5897417E-7
1508.0,4.5930787E-7
1509.0,4.596416E-7
1510.0,4.599753E-7
1511.0,4.6030902E-7
1512.0,4.6064272E-7
1513.0,4.6097645E-7
1514.0,4.6131018E-7
1515.0,4.6164388E-7
1516.0,4.619776E-7
1517.0,4.623113E-7
1518.0,4.6264503E-7
1519.0,4.6297873E-7
1520.0,4.6331246E-7
1521.0,4.6364616E-7
1522.0,4.639799E-7
1523.0,4.643136E-7
1524.0,4.6464731E-7
1525.0,4.64981E-7
1526.0,4.6531474E-7
1527.0,4.6564847E-7
1528.0,4.6598217E-7
1529.0,4.663159E-7
1530.0,4.666496E-7
1531.0,4.6698332E-7
1532.0,4.6731702E-7
1533.0,4.6765075E-7
1534.0,4.6798445E-7
1535.0,4.6831818E-7
1536.0,4.6865188E-7
1537.0,4.689856E-7
1538.0,4.6931933E-7
1539.0,4.6965303E-7
1540.0,4.6998676E-7
1541.0,4.7032046E-7
1542.0,4.706542E-7
1543.0,4.7098789E-7
1544.0,4.713216E-7
1545.0,4.716553E-7
1546.0,4.7198904E-7
1547.0,4.7232274E-7
1548.0,4.7265647E-7
1549.0,4.729902E-7
1550.0,4.733239E-7
1551.0,4.7365762E-7
1552.0,4.7399132E-7
1553.0,4.7432505E-7
1554.0,4.7465875E-7
1555.0,4.7499248E-7
1556.0,4.7532617E-7
1557.0,4.756599E-7
1558.0,4.759936E-7
1559.0,4.7632733E-7
1560.0,4.7666106E-7
1561.0,4.769948E-7
1562.0,4.7732846E-7
1563.0,4.776622E-7
1564.0,4.779959E-7
1565.0,4.7832964E-7
1566.0,4.786633E-7
1567.0,4.7899704E-7
1568.0,4.7933077E-7
1569.0,4.796645E-7
1570.0,4.799982E-7
1571.0,4.803319E-7
1572.0,4.806656E-7
1573.0,4.8099935E-7
1574.0,4.813331E-7
1575.0,4.8166675E-7
1576.0,4.820005E-7
1577.0,4.823342E-7
1578.0,4.8266793E-7
1579.0,4.830016E-7
1580.0,4.833353E-7
1581.0,4.8366906E-7
1582.0,4.840028E-7
1583.0,4.843365E-7
1584.0,4.846702E-7
1585.0,4.850039E-7
1586.0,4.8533764E-7
1587.0,4.8567136E-7
1588.0,4.8600504E-7
1589.0,4.8633876E-7
1590.0,4.866725E-7
1591.0,4.870062E-7
1592.0,4.8733995E-7
1593.0,4.876736E-7
1594.0,4.8800734E-7
1595.0,4.883411E-7
1596.0,4.886748E-7
1597.0,4.8900847E-7
1598.0,4.893422E-7
1599.0,4.896759E-7
1600.0,4.9000965E-7
1601.0,4.903433E-7
1602.0,4.9067705E-7
1603.0,4.910108E-7
1604.0,4.913445E-7
1605.0,4.9167824E-7
1606.0,4.920119E-7
1607.0,4.9234563E-7
1608.0,4.9267936E-7
1609.0,4.930131E-7
1610.0,4.9334676E-7
1611.0,4.936805E-7
1612.0,4.940142E-7
1613.0,4.9434794E-7
1614.0,4.946817E-7
1615.0,4.9501534E-7
1616.0,4.9534907E-7
1617.0,4.956828E-7
1618.0,4.960165E-7
1619.0,4.963502E-7
1620.0,4.966839E-7
1621.0,4.9701765E-7
1622.0,4.973514E-7
1623.0,4.9768505E-7
1624.0,4.980188E-7
1625.0,4.983525E-7
1626.0,4.9868623E-7
1627.0,4.9901996E-7
1628.0,4.9935363E-7
1629.0,4.9968736E-7
1630.0,5.000211E-7
1631.0,5.003548E-7
1632.0,5.006885E-7
1633.0,5.010222E-7
1634.0,5.0135594E-7
1635.0,5.0168967E-7
1636.0,5.020234E-7
1637.0,5.0235707E-7
1638.0,5.026908E-7
1639.0,5.030245E-7
1640.0,5.0335825E-7
1641.0,5.036919E-7
1642.0,5.0402565E-7
1643.0,5.043594E-7
1644.0,5.046931E-7
1645.0,5.050268E-7
1646.0,5.053605E-7
1647.0,5.0569423E-7
1648.0,5.0602796E-7
1649.0,5.063617E-7
1650.0,5.0669536E-7
1651.0,5.070291E-7
1652.0,5.073628E-7
1653.0,5.0769654E-7
1654.0,5.080302E-7
1655.0,5.0836394E-7
1656.0,5.0869767E-7
1657.0,5.090314E-7
1658.0,5.093651E-7
1659.0,5.096988E-7
1660.0,5.100325E-7
1661.0,5.1036625E-7
1662.0,5.107E-7
1663.0,5.1103365E-7
1664.0,5.113674E-7
1665.0,5.117011E-7
1666.0,5.1203483E-7
1667.0,5.123685E-7
1668.0,5.1270223E-7
1669.0,5.1303596E-7
1670.0,5.133697E-7
1671.0,5.137034E-7
1672.0,5.140371E-7
1673.0,5.143708E-7
1674.0,5.1470454E-7
1675.0,5.1503827E-7
1676.0,5.1537194E-7
1677.0,5.1570566E-7
1678.0,5.160394E-7
1679.0,5.163731E-7
1680.0,5.1670685E-7
1681.0,5.170405E-7
1682.0,5.1737425E-7
1683.0,5.17708E-7
1684.0,5.180417E-7
1685.0,5.183754E-7
1686.0,5.187091E-7
1687.0,5.190428E-7
1688.0,5.1937656E-7
1689.0,5.197102E-7
1690.0,5.2004395E-7
1691.0,5.203777E-7
1692.0,5.207114E-7
1693.0,5.2104514E-7
1694.0,5.213788E-7
1695.0,5.2171254E-7
1696.0,5.2204626E-7
1697.0,5.2238E-7
1698.0,5.2271366E-7
1699.0,5.230474E-7
1700.0,5.233811E-7
1701.0,5.2371485E-7
1702.0,5.240485E-7
1703.0,5.2438224E-7
1704.0,5.24716E-7
1705.0,5.250497E-7
1706.0,5.253834E-7
1707.0,5.257171E-7
1708.0,5.260508E-7
1709.0,5.2638455E-7
1710.0,5.267183E-7
1711.0,5.2705195E-7
1712.0,5.273857E-7
1713.0,5.277194E-7
1714.0,5.2805314E-7
1715.0,5.2838686E-7
1716.0,5.2872053E-7
1717.0,5.2905426E-7
1718.0,5.29388E-7
1719.0,5.297217E-7
1720.0,5.300554E-7
1721.0,5.303891E-7
1722.0,5.3072284E-7
1723.0,5.3105657E-7
1724.0,5.3139024E-7
1725.0,5.3172397E-7
1726.0,5.320577E-7
1727.0,5.323914E-7
1728.0,5.3272515E-7
1729.0,5.330588E-7
1730.0,5.3339255E-7
1731.0,5.337263E-7
1732.0,5.3406E-7
1733.0,5.343937E-7
1734.0,5.347274E-7
1735.0,5.3506113E-7
1736.0,5.3539486E-7
1737.0,5.357286E-7
1738.0,5.3606226E-7
1739.0,5.36396E-7
1740.0,5.367297E-7
1741.0,5.3706344E-7
1742.0,5.373971E-7
1743.0,5.3773084E-7
1744.0,5.3806457E-7
1745.0,5.383983E-7
1746.0,5.3873197E-7
1747.0,5.390657E-7
1748.0,5.393994E-7
1749.0,5.3973315E-7
1750.0,5.400669E-7
1751.0,5.4040055E-7
1752.0,5.407343E-7
1753.0,5.41068E-7
1754.0,5.4140173E-7
1755.0,5.417354E-7
1756.0,5.4206913E-7
1757.0,5.4240286E-7
1758.0,5.427366E-7
1759.0,5.430703E-7
1760.0,5.43404E-7
1761.0,5.437377E-7
1762.0,5.4407144E-7
1763.0,5.4440517E-7
1764.0,5.4473884E-7
1765.0,5.4507257E-7
1766.0,5.454063E-7
1767.0,5.4574E-7
1768.0,5.460737E-7
1769.0,5.464074E-7
1770.0,5.4674115E-7
1771.0,5.470749E-7
1772.0,5.474086E-7
1773.0,5.477423E-7
1774.0,5.48076E-7
1775.0,5.4840973E-7
1776.0,5.4874346E-7
1777.0,5.4907713E-7
1778.0,5.4941086E-7
1779.0,5.497446E-7
1780.0,5.500783E-7
1781.0,5.5041204E-7
1782.0,5.507457E-7
1783.0,5.5107944E-7
1784.0,5.5141317E-7
1785.0,5.517469E-7
1786.0,5.5208056E-7
1787.0,5.524143E-7
1788.0,5.52748E-7
1789.0,5.5308175E-7
1790.0,5.534154E-7
1791.0,5.5374915E-7
1792.0,5.540829E-7
1793.0,5.544166E-7
1794.0,5.5475033E-7
1795.0,5.55084E-7
1796.0,5.554177E-7
1797.0,5.5575146E-7
1798.0,5.560852E-7
1799.0,5.5641885E-7
1800.0,5.567526E-7
