0.001,0.9985177046556749
0.00102337179863252,0.9984091157506666
0.001047289838236358,0.9982933230674226
0.001071766885445503,0.9981699072498664
0.001096816005273138,0.9980384288004317
0.001122450568085307,0.9978984274046911
0.001148684256737554,0.9977494212526227
0.00117553107387837,0.9975909063579522
0.001203005349423324,0.9974223558771147
0.001231121748203891,0.9972432194294739
0.001259895277795027,0.9970529224205431
0.001289341296525716,0.9968508653700497
0.001319475521676706,0.9966364232467892
0.001350314037869873,0.9964089448123133
0.001381873305653632,0.9961677519756004
0.001414170170289024,0.9959121391609526
0.001447221870741134,0.995641372691465
0.001481046048880676,0.9953546901905053
0.001515660758900603,0.995051300003735
0.001551084476952841,0.9947303806442982
0.001587336111010209,0.9943910802638829
0.001624435010958867,0.9940325161524475
0.001662400978926612,0.9936537742694808
0.001701254279852589,0.9932539088097345
0.001741015652304015,0.9928319418064359
0.001781706319545731,0.9923868627750455
0.00182334800086844,0.9919176284006783
0.001865962923181746,0.9914231622723521
0.001909573832878097,0.9909023546672612
0.001954204007974053,0.9903540623883038
0.001999877270535287,0.9897771086581079
0.00204661799939199,0.9891702830728064
0.002094451143151469,0.9885323416188151
0.002143402233514857,0.9878620067558462
0.00219349739890506,0.9871579675693714
0.002244763378413224,0.9864188799957022
0.002297227536071151,0.9856433671228153
0.002350917875457287,0.984830019569975
0.002405863054644067,0.9839773959491385
0.002462092401494626,0.9830840234110291
0.002519635929317016,0.9821483982786626
0.002578524352884274,0.9811689867709913
0.002638789104828934,0.9801442258191895
0.002700462352420682,0.979072523977964
0.00276357701473616,0.9779522624340971
0.002828166780230033,0.9767817961142577
0.002894266124716752,0.9755594548939156
0.002961910329772553,0.9742835449089846
0.003031135501567579,0.9729523499715951
0.003101978590138097,0.9715641330911553
0.003174477409109193,0.9701171381016044
0.003248670655878375,0.9686095913954937
0.003324597932270942,0.9670397037652464
0.003402299765678068,0.9654056723516519
0.003481817630688967,0.9637056826993412
0.003563193971228584,0.9619379109186691
0.003646472223212749,0.9601005259530941
0.003731696837732756,0.9581916919508116
0.003818913304781854,0.9562095707390315
0.003908168177536264,0.9541523243989459
0.003999509097203665,0.9520181179390497
0.004092984818452442,0.9498051220641139
0.004188645235435271,0.9475115160367243
0.004286541408420925,0.9451354906279176
0.004386725591048499,0.9426752511530627
0.004489251258218608,0.9401290205887444
0.004594173134636476,0.9374950427660206
0.004701547224022129,0.9347715856350415
0.004811430839003259,0.9319569445956351
0.004923882631706742,0.929049445888087
0.00503896262506515,0.9260474500379747
0.005156732244854963,0.9229493553485492
0.005277254352483537,0.9197536014338127
0.005400593278542374,0.9164586727850947
0.005526814857144603,0.9130631023636021
0.005655986461065008,0.9095654752111102
0.005788177037701274,0.9059644320706651
0.005923457145875806,0.9022586730088858
0.006061898993497572,0.8984469610312064
0.006203576476104275,0.8945281256811516
0.006348565216305217,0.8905010666145392
0.006496942604146125,0.8863647571393012
0.006648787838417263,0.882118247711464
0.006804181968927101,0.8777606693776874
0.006963207939763883,0.8732912371546591
0.007125950633568411,0.8687092533355585
0.007292496916841445,0.8640141107137713
0.007462935686310138,0.8592052957140024
0.007637357916378027,0.8542823914209761
0.007815856707684091,0.8492450804959464
0.007998527336796709,0.8440931479713357
0.008185467307069028,0.8388264839139425
0.008376776400682925,0.8334450859473084
0.008572556731909325,0.827949061624028
0.008772912801613356,0.8223386306390178
0.008977951553033322,0.8166141268750109
0.009187782428863339,0.8107760002718506
0.009402517429670132,0.804824818511479
0.009622271173675135,0.7987612685108867
0.009847160957933775,0.7925861577156863
0.01007730682094461,0.7863004151874042
0.01031283160672185,0.7799050924780374
0.01055386103036524,0.7734013642859343
0.01080052374516253,0.7667905288875564
0.01105295141126022,0.7600740083402425
0.01131127876593921,0.7532533484516614
0.01157564369553304,0.7463302185122453
0.01184618730902684,0.7393064107875059
0.01212305401337652,0.7321838397677876
0.01240639159058832,0.7249645411736567
0.01269635127659973,0.7176506707158152
0.01299308784200416,0.7102445026090993
0.01329675967466213,0.7027484278408302
0.01360752886424334,0.695164952194494
0.01392556128874463,0.6874966940304285
0.01425102670302998,0.6797463818259217
0.01458409882943986,0.6719168514778375
0.0149249554505183,0.6640110433715998
0.01527377850390714,0.6560319992210721
0.01563075417945817,0.6479828586845793
0.01599607301861488,0.6398668557629934
0.01636993001611703,0.6316873149865053
0.01675252472408216,0.6234476473973398
0.01714406135851971,0.6151513463363402
0.0175447489083346,0.6068019830419498
0.01795480124687831,0.5984032020707267
0.01837443724610727,0.5899587165491029
0.01880388089340916,0.5814723032666282
0.0192433614111598,0.5729477976214701
0.01969311337907423,0.5643890884294072
0.02015337685941733,0.5558001126080052
0.02062439752514092,0.54718484974807
0.02110642679101555,0.5385473165848444
0.02159972194782718,0.5298915613817434
0.02210454629971022,0.5212216582397098
0.02262116930469025,0.5125417013455205
0.02314986671851161,0.5038557991725741
0.02369092074182633,0.4951680686478481
0.02424462017082328,0.4864826292988256
0.02481126055137769,0.4778035973942569
0.02539114433680347,0.4691350800926473
0.02598458104929249,0.4604811696123279
0.02659188744512694,0.4518459374369027
0.02721338768375307,0.4432334285697433
0.02784941350080644,0.4346476558510415
0.02850030438518108,0.4260925943507241
0.02916640776023705,0.4175721758502826
0.02984807916924328,0.4090902834262765
0.03054568246515434,0.4006507461479389
0.03125959000482281,0.3922573339009325
0.03199018284775065,0.3839137523488972
0.03273785095948577,0.3756236380439804
0.03350299341977232,0.3673905536970534
0.03428601863556587,0.3592179836178071
0.03508734455902713,0.3511093293343686
0.03590739891061055,0.3430679054015067
0.0367466194073669,0.3350969354058961
0.03760545399658172,0.3271995481762781
0.03848436109487431,0.3193787742057196
0.03938380983288489,0.311637542292504
0.04030428030568053,0.3039786764055049
0.04124626382901352,0.2964048927792093
0.04221026320156901,0.2889187972428485
0.04319679297334174,0.2815228827873874
0.04420637972028532,0.2742195273734082
0.04523956232538053,0.2670109919822103
0.04629689226627266,0.2598994189117281
0.04737893390963144,0.2528868303181608
0.04848626481239081,0.2459751270035021
0.04961947603002903,0.2391660874484554
0.05077917243205401,0.232461367089543
0.05196597302486197,0.2258624978385382
0.053180511282142,0.2193708878416945
0.05442343548300266,0.2129878214756109
0.05569540905800133,0.2067144595759527
0.05699711094326075,0.2005518398946498
0.05832923594286206,0.194500877780627
0.05969249509970737,0.188562367078574
0.06108761607505039,0.1827369812397431
0.06251534353689715,0.177025274638278
0.0639764395574843,0.1714276840861148
0.0654716840200474,0.1659445305390737
0.0670018750350959,0.1605760209863594
0.06856782936641742,0.155322250515335
0.07017038286703829,0.1501832045431
0.07181039092537353,0.1451587612061146
0.07348872892180389,0.1402486938988559
0.0752062926959241,0.1354526739522635
0.07696399902471159,0.1307702734425535
0.07876278611187058,0.1262009681208187
0.08060361408861345,0.1217441404537237
0.08248746552614586,0.117399082765515
0.08441534596012985,0.1131650004715226
0.0863882844274045,0.1090410153933086
0.08840733401525062,0.1050261691456437
0.09047357242349298,0.1011194265855322
0.09258810253973955,0.09731967931359575
0.09475205302806543,0.09362574921822642
0.0969665789314552,0.09003639205306657
0.09923286228832551,0.0865503010385299
0.1015521127634568,0.08316611047827616
0.1039255682936713,0.07988239938176089
0.1063544957486011,0.07669769508422819
0.1088401916069007,0.0736104768557615
0.111383982648262,0.07061917949130325
0.1139872266616053,0.06772219687383352
0.1166513131698196,0.06491788550322886
0.1193776641714437,0.06220456798363716
0.1221677348996792,0.05958053646255557
0.1250230145991456,0.05704405601514606
0.1279450273207873,0.0545933679676901
0.1309353327353611,0.05222669315445105
0.1339955269659338,0.04994223510259366
0.1371272434398401,0.04773818314018885
0.1403321537605485,0.04561271542272149
0.1436119685999079,0.04356400187390042
0.1469684386112446,0.04159020703696226
0.1504033553638025,0.03968949283304313
0.1539185522990205,0.03786002122357723
0.1575159057091623,0.03609995677405853
0.1611973357388157,0.03440746911687786
0.1649648074098021,0.03278073531131376
0.1688203316700363,0.03121794209911588
0.1727659664669036,0.02971728805446849
0.1768038178457209,0.02827698562746928
0.1809360410738717,0.02689526308058032
0.1851648417912156,0.02557036631783749
0.1894924771873822,0.02430056060690478
0.1939212572065831,0.02308413219435923
0.1984535457805803,0.02191938981487151
0.2030917620904737,0.0208046660952157
0.2078383818579757,0.019738318854296
0.2126959386668692,0.01871873230061527
0.2176670253153459,0.01774431812883737
0.2227542951999559,0.01681351651729968
0.227960463731898,0.01592479702853278
0.2332883097864158,0.01507665941501568
0.2387406771860647,0.01426763433256495
0.2443204762186489,0.01349628396389912
0.2500306851906324,0.01276120255505864
0.2558743520168589,0.01206101686747485
0.2618545958474233,0.01139438654858949
0.2679746087325692,0.01076000442401392
0.274237657326495,0.01015659671429525
0.2806470846309839,0.009582923179415226
0.2872063117797828,0.009037777194201846
0.2939188398646888,0.008519985757865389
0.3007882518043099,0.008028409440899109
0.307818214256508,0.007561942272593769
0.3150124795755328,0.007119511572419746
0.322374887814903,0.00670007772851966
0.3299093687770939,0.006302633926535961
0.337619944111134,0.005926205831969455
0.3455107294592218,0.005569851229225931
0.353585936653518,0.005232659620466151
0.3618498759642746,0.004913751787316456
0.3703069584005141,0.004612279318439216
0.378961698064472,0.004327424105898037
0.3878187145610724,0.004058397813173853
0.3968827354637166,0.003804441317616258
0.4061585988376979,0.003564824130028788
0.4156512558225992,0.003338843793999402
0.4253657732750387,0.003125825267500382
0.4353073364731892,0.002925120289184124
0.4454812518844989,0.002736106731709098
0.4558929499981064,0.002558187944330936
0.4665479882234473,0.002390792086892635
0.4774520538566132,0.00223337145725
0.4886109671160326,0.002085401814065135
0.5000306842491095,0.001946381696799948
0.5117173007114605,0.001815831744640062
0.5236770544204655,0.001693294015978286
0.5359163290848514,0.001578331309989189
0.5484416576121021,0.001470526491721524
0.5612597255954972,0.001369481822045437
0.5743773748826587,0.001274818293689695
0.5878016072274912,0.001186174974512233
0.6015395880274839,0.001103208359057528
0.6155986501483508,0.001025591729361675
0.6299862978380694,0.0009530145258823675
0.644710210732387,0.0008851817293459296
0.659778247953954,0.0008218132542204826
0.6751984523072502,0.000762643354451642
0.6909790545715645,0.000707420042013962
0.7071284778942997,0.0006559045187686241
0.7236553422869657,0.000607870622040152
0.7405684692262434,0.0005631042842674239
0.757876886362593,0.0005214030070153086
0.7755898323389001,0.000482575349579073
0.7937167617217551,0.0004464404323553106
0.812267350047972,0.0004128274551020716
0.8312514989890631,0.0003815752301593589
0.8506793416364162,0.0003525317306598552
0.8705612479099865,0.0003255536537094539
0.8909078300934142,0.000300505998485523
0.9117299484984922,0.0002772616591562027
0.933038717262037,0.0002557010324961695
0.9548455102782294,0.0002357116400388826
0.9771619672696181,0.0002171877645795739
1,0.0002000301008158178
