0.001,0.7760385302715803
0.00102337179863252,0.772887529856535
0.001047289838236358,0.7697116895032934
0.001071766885445503,0.766511165752283
0.001096816005273138,0.7632861218161094
0.001122450568085307,0.7600367275769342
0.001148684256737554,0.7567631595808861
0.00117553107387837,0.7534656010294842
0.001203005349423324,0.7501442417680564
0.001231121748203891,0.7467992782711352
0.001259895277795027,0.7434309136248225
0.001289341296525716,0.7400393575061019
0.001319475521676706,0.7366248261591009
0.001350314037869873,0.7331875423682804
0.001381873305653632,0.7297277354285606
0.001414170170289024,0.7262456411123659
0.001447221870741134,0.7227415016335955
0.001481046048880676,0.7192155656085156
0.001515660758900603,0.715668088013576
0.001551084476952841,0.7120993301401548
0.001587336111010209,0.7085095595462387
0.001624435010958867,0.7048990500050446
0.001662400978926612,0.7012680814505948
0.001701254279852589,0.697616939920257
0.001741015652304015,0.6939459174942637
0.001781706319545731,0.6902553122322275
0.00182334800086844,0.6865454281066711
0.001865962923181746,0.6828165749335906
0.001909573832878097,0.67906906830008
0.001954204007974053,0.6753032294890333
0.001999877270535287,0.6715193854009598
0.00204661799939199,0.6677178684729352
0.002094451143151469,0.6638990165947219
0.002143402233514857,0.6600631730220915
0.00219349739890506,0.6562106862873839
0.002244763378413224,0.6523419101073394
0.002297227536071151,0.6484572032882436
0.002350917875457287,0.644556929628425
0.002405863054644067,0.6406414578181502
0.002462092401494626,0.6367111613369569
0.002519635929317016,0.6327664183484762
0.002578524352884274,0.6288076115927903
0.002638789104828934,0.6248351282763731
0.002700462352420682,0.6208493599596723
0.00276357701473616,0.6168507024423793
0.002828166780230033,0.6128395556464481
0.002894266124716752,0.6088163234969159
0.002961910329772553,0.604781413800588
0.003031135501567579,0.6007352381226436
0.003101978590138097,0.5966782116612277
0.003174477409109193,0.5926107531200902
0.003248670655878375,0.5885332845793378
0.003324597932270942,0.5844462313643657
0.003402299765678068,0.5803500219130349
0.003481817630688967,0.5762450876411658
0.003563193971228584,0.5721318628064187
0.003646472223212749,0.5680107843706296
0.003731696837732756,0.5638822918606786
0.003818913304781854,0.5597468272279602
0.003908168177536264,0.5556048347065327
0.003999509097203665,0.5514567606700225
0.004092984818452442,0.5473030534873601
0.004188645235435271,0.5431441633774245
0.004286541408420925,0.5389805422626746
0.004386725591048499,0.5348126436218477
0.004489251258218608,0.5306409223418065
0.004594173134636476,0.526465834568611
0.004701547224022129,0.5222878375578999
0.004811430839003259,0.5181073895246635
0.004923882631706742,0.5139249494924889
0.00503896262506515,0.5097409771423599
0.005156732244854963,0.5055559326610957
0.005277254352483537,0.5013702765895116
0.005400593278542374,0.4971844696703855
0.005526814857144603,0.4929989726963117
0.005655986461065008,0.4888142463575273
0.005788177037701274,0.4846307510897978
0.005923457145875806,0.4804489469224388
0.006061898993497572,0.4762692933265641
0.006203576476104275,0.4720922490636394
0.006348565216305217,0.4679182720344279
0.006496942604146125,0.4637478191284067
0.006648787838417263,0.459581346073741
0.006804181968927101,0.4554193072878949
0.006963207939763883,0.4512621557289628
0.007125950633568411,0.4471103427477987
0.007292496916841445,0.4429643179410307
0.007462935686310138,0.4388245290050312
0.007637357916378027,0.4346914215909303
0.007815856707684091,0.4305654391607469
0.007998527336796709,0.4264470228447121
0.008185467307069028,0.4223366112998688
0.008376776400682925,0.4182346405700149
0.008572556731909325,0.4141415439470707
0.008772912801613356,0.4100577518339392
0.008977951553033322,0.4059836916089361
0.009187782428863339,0.4019197874918563
0.009402517429670132,0.3978664604117506
0.009622271173675135,0.3938241278764762
0.009847160957933775,0.3897932038440943
0.01007730682094461,0.3857740985961765
0.01031283160672185,0.3817672186130832
0.01055386103036524,0.3777729664512821
0.01080052374516253,0.3737917406227628
0.01105295141126022,0.3698239354766103
0.01131127876593921,0.3658699410827946
0.01157564369553304,0.3619301431182329
0.01184618730902684,0.3580049227551796
0.01212305401337652,0.3540946565519965
0.01240639159058832,0.3501997163463549
0.01269635127659973,0.3463204691509204
0.01299308784200416,0.342457277051565
0.01329675967466213,0.3386104971081555
0.01360752886424334,0.3347804812579609
0.01392556128874463,0.3309675762217206
0.01425102670302998,0.3271721234124138
0.01458409882943986,0.3233944588467681
0.0149249554505183,0.3196349130595452
0.01527377850390714,0.3158938110206337
0.01563075417945817,0.3121714720549873
0.01599607301861488,0.3084682097654318
0.01636993001611703,0.3047843319583757
0.01675252472408216,0.3011201405724443
0.01714406135851971,0.2974759316100665
0.0175447489083346,0.2938519950720327
0.01795480124687831,0.2902486148950454
0.01837443724610727,0.28666606889228
0.01880388089340916,0.283104628696971
0.0192433614111598,0.2795645597090377
0.01969311337907423,0.2760461210447617
0.02015337685941733,0.272549565489523
0.02062439752514092,0.2690751394536062
0.02110642679101555,0.2656230829310778
0.02159972194782718,0.2621936294617417
0.02210454629971022,0.2587870060961708
0.02262116930469025,0.2554034333638169
0.02314986671851161,0.2520431252441938
0.02369092074182633,0.2487062891411298
0.02424462017082328,0.2453931258600829
0.02481126055137769,0.2421038295885097
0.02539114433680347,0.2388385878792765
0.02598458104929249,0.2355975816371015
0.02659188744512694,0.2323809851080125
0.02721338768375307,0.2291889658718036
0.02784941350080644,0.226021684837473
0.02850030438518108,0.2228792962416221
0.02916640776023705,0.2197619476497925
0.02984807916924328,0.2166697799607202
0.03054568246515434,0.213602927413477
0.03125959000482281,0.2105615175974775
0.03199018284775065,0.2075456714653182
0.03273785095948577,0.2045555033484209
0.03350299341977232,0.2015911209754476
0.03428601863556587,0.1986526254934544
0.03508734455902713,0.195740111491747
0.03590739891061055,0.1928536670284031
0.0367466194073669,0.1899933736594248
0.03760545399658172,0.1871593064704786
0.03848436109487431,0.1843515341111839
0.03938380983288489,0.1815701188319092
0.04030428030568053,0.1788151165230308
0.04124626382901352,0.1760865767566097
0.04221026320156901,0.1733845428304427
0.04319679297334174,0.1707090518144391
0.04420637972028532,0.1680601345992754
0.04523956232538053,0.1654378159472805
0.04629689226627266,0.1628421145454997
0.04737893390963144,0.1602730430608879
0.04848626481239081,0.1577306081975793
0.04961947603002903,0.1552148107561824
0.05077917243205401,0.1527256456950458
0.05196597302486197,0.1502631021934404
0.053180511282142,0.1478271637166053
0.05442343548300266,0.1454178080825995
0.05569540905800133,0.1430350075309045
0.05699711094326075,0.1406787287927215
0.05832923594286206,0.138348933162906
0.05969249509970737,0.1360455765734816
0.06108761607505039,0.1337686096686762
0.06251534353689715,0.1315179778814213
0.0639764395574843,0.1292936215112561
0.0654716840200474,0.1270954758035789
0.0670018750350959,0.1249234710301843
0.06856782936641742,0.1227775325710299
0.07017038286703829,0.1206575809971703
0.07181039092537353,0.1185635321548015
0.07348872892180389,0.1164952972503555
0.0752062926959241,0.1144527829365848
0.07696399902471159,0.112435891399579
0.07876278611187058,0.110444520446654
0.08060361408861345,0.108478563595054
0.08248746552614586,0.1065379101614087
0.08441534596012985,0.1046224453518864
0.0863882844274045,0.1027320503529848
0.08840733401525062,0.1008666024229026
0.09047357242349298,0.09902597498343246
0.09258810253973955,0.09721003771232084
0.09475205302806543,0.09541865663603477
0.0969665789314552,0.09365169422288333
0.09923286228832551,0.09190900947643355
0.1015521127634568,0.09019045802917081
0.1039255682936713,0.08849589223634435
0.1063544957486011,0.08682516126994722
0.1088401916069007,0.0851781112127763
0.111383982648262,0.08355458515252034
0.1139872266616053,0.08195442327582314
0.1166513131698196,0.08037746296227211
0.1193776641714437,0.07882353887826077
0.1221677348996792,0.07729248307067782
0.1250230145991456,0.07578412506037013
0.1279450273207873,0.0742982919353371
0.1309353327353611,0.07283480844360435
0.1339955269659338,0.07139349708573484
0.1371272434398401,0.06997417820693008
0.1403321537605485,0.0685766700886774
0.1436119685999079,0.06720078903990123
0.1469684386112446,0.06584634948757551
0.1504033553638025,0.06451316406675545
0.1539185522990205,0.06320104370999036
0.1575159057091623,0.06190979773607541
0.1611973357388157,0.06063923393810866
0.1649648074098021,0.05938915867081007
0.1688203316700363,0.05815937693707418
0.1727659664669036,0.0569496924737144
0.1768038178457209,0.05575990783637008
0.1809360410738717,0.05458982448354133
0.1851648417912156,0.05343924285972035
0.1894924771873822,0.05230796247758962
0.1939212572065831,0.05119578199925645
0.1984535457805803,0.0501024993164968
0.2030917620904737,0.04902791162997999
0.2078383818579757,0.04797181552744956
0.2126959386668692,0.04693400706083473
0.2176670253153459,0.04591428182226853
0.2227542951999559,0.04491243501899089
0.227960463731898,0.04392826154711449
0.2332883097864158,0.04296155606423213
0.2387406771860647,0.04201211306084929
0.2443204762186489,0.04107972693062023
0.2500306851906324,0.04016419203937283
0.2558743520168589,0.0392653027929053
0.2618545958474233,0.03838285370354066
0.2679746087325692,0.03751663945542416
0.274237657326495,0.03666645496855203
0.2806470846309839,0.03583209546151889
0.2872063117797828,0.03501335651297455
0.2939188398646888,0.03421003412177892
0.3007882518043099,0.03342192476584804
0.307818214256508,0.03264882545968339
0.3150124795755328,0.03189053381057694
0.322374887814903,0.03114684807348789
0.3299093687770939,0.03041756720458599
0.337619944111134,0.02970249091345745
0.3455107294592218,0.02900141971397097
0.353585936653518,0.02831415497380307
0.3618498759642746,0.02764049896262089
0.3703069584005141,0.02698025489892242
0.378961698064472,0.02633322699553653
0.3878187145610724,0.02569922050378326
0.3968827354637166,0.02507804175629713
0.4061585988376979,0.02446949820851807
0.4156512558225992,0.02387339847885317
0.4253657732750387,0.02328955238751462
0.4353073364731892,0.02271777099403993
0.4454812518844989,0.02215786663350072
0.4558929499981064,0.02160965295140771
0.4665479882234473,0.02107294493731926
0.4774520538566132,0.02054755895716298
0.4886109671160326,0.02003331278427944
0.5000306842491095,0.01953002562919737
0.5117173007114605,0.01903751816815202
0.5236770544204655,0.01855561257035687
0.5359163290848514,0.0180841325240414
0.5484416576121021,0.01762290326126625
0.5612597255954972,0.01717175158152962
0.5743773748826587,0.01673050587417735
0.5878016072274912,0.01629899613963159
0.6015395880274839,0.01587705400945127
0.6155986501483508,0.01546451276523964
0.6299862978380694,0.01506120735641503
0.644710210732387,0.01466697441685838
0.659778247953954,0.0142816522804553
0.6751984523072502,0.01390508099554866
0.6909790545715645,0.01353710233831773
0.7071284778942997,0.01317755982510149
0.7236553422869657,0.01282629872368346
0.7405684692262434,0.01248316606355537
0.757876886362593,0.01214801064517779
0.7755898323389001,0.01182068304825556
0.7937167617217551,0.01150103563904692
0.812267350047972,0.01118892257672399
0.8312514989890631,0.01088419981880429
0.8506793416364162,0.0105867251256716
0.8705612479099865,0.0102963580642057
0.8909078300934142,0.01001296001053908
0.9117299484984922,0.009736394151961258
0.933038717262037,0.009466525487989985
0.9548455102782294,0.009203220830627079
0.9771619672696181,0.008946348803820725
1,0.008695779842152862
