0.001,2.060643395971721e-06
0.001031283160672185,2.388316763750414e-06
0.001063544957486011,2.765569018708488e-06
0.001096816005273138,3.199489835515868e-06
0.001131127876593921,3.698118301067188e-06
0.001166513131698196,4.270560434378575e-06
0.001203005349423324,4.927119884531547e-06
0.001240639159058832,5.679443099372495e-06
0.001279450273207873,6.540680360700458e-06
0.001319475521676706,7.525664189960418e-06
0.001360752886424333,8.651106741896498e-06
0.001403321537605485,9.935817922041156e-06
0.001447221870741134,1.14009460870774e-05
0.001492495545051829,1.307024331470153e-05
0.001539185522990205,1.497035736122e-05
0.001587336111010209,1.713115256024671e-05
0.001636993001611702,1.958606205391924e-05
0.001688203316700363,2.237247388831795e-05
0.001741015652304015,2.553215364641869e-05
0.00179548012468783,2.911170643398222e-05
0.001851648417912154,3.316308117519143e-05
0.001909573832878097,3.774412031435684e-05
0.001969311337907422,4.291915815624469e-05
0.002030917620904735,4.875967120899762e-05
0.002094451143151469,5.534498401853148e-05
0.002159972194782717,6.276303409983512e-05
0.002227542951999556,7.111119967675689e-05
0.002297227536071151,8.049719403543915e-05
0.002369092074182632,9.104003037519996e-05
0.002443204762186489,0.0001028710611018486
0.002519635929317016,0.0001161350955494652
0.00259845810492925,0.0001309916001347584
0.002679746087325692,0.0001476159849402525
0.00276357701473616,0.0001662009806856366
0.002850030438518108,0.0001869581099774486
0.002939188398646887,0.0002101192566224947
0.003031135501567579,0.0002359383366466826
0.003125959000482281,0.0002646930744747953
0.00322374887814903,0.0002966868874947179
0.003324597932270942,0.0003322508819482703
0.003428601863556587,0.0003717459627567412
0.00353585936653518,0.0004155650594990601
0.003646472223212749,0.0004641354703112034
0.003760545399658172,0.0005179213249638117
0.003878187145610724,0.0005774261677983231
0.003999509097203665,0.0006431956605577392
0.004124626382901352,0.000715820404434225
0.004253657732750387,0.0007959388798702715
0.004386725591048499,0.0008842405017919116
0.004523956232538054,0.0009814687870205124
0.004665479882234473,0.001088424629603821
0.004811430839003259,0.001205969678727575
0.004961947603002903,0.001335029812717161
0.005117173007114605,0.001476598701416446
0.005277254352483537,0.001631741447940538
0.005442343548300267,0.001801598299444648
0.005612597255954972,0.00198738841513644
0.005788177037701274,0.002190413678290305
0.005969249509970733,0.00241206253750474
0.006155986501483508,0.002653813860886304
0.006348565216305217,0.002917240785253883
0.006547168402004736,0.003204014540844843
0.006751984523072501,0.003515908230380842
0.006963207939763883,0.003854800539727415
0.007181039092537349,0.004222679355770779
0.007405684692262435,0.004621645265551441
0.007637357916378019,0.005053914909152401
0.007876278611187055,0.005521824157354971
0.008122673500479712,0.006027831083665293
0.008376776400682916,0.006574518698995858
0.008638828442740444,0.007164597416077519
0.008909078300934143,0.007800907209596661
0.009187782428863339,0.008486419437118699
0.009475205302806548,0.009224238285092331
0.009771619672696182,0.01001760180364667
0.01007730682094461,0.01086988249351739
0.01039255682936713,0.01178458740828471
0.01071766885445503,0.01276535773519364
0.01105295141126022,0.01381596781817604
0.01139872266616052,0.01494032358731667
0.01175531073878369,0.01614246035992015
0.01212305401337652,0.01742653997955517
0.01250230145991455,0.01879684726098996
0.01289341296525715,0.02025778571079363
0.01329675967466212,0.02181387249558135
0.013712724343984,0.02346973263241668
0.01414170170289023,0.02523009237877084
0.01458409882943986,0.02709977180266459
0.01504033553638024,0.0290836765171876
0.0155108447695284,0.03118678856749344
0.01599607301861488,0.03341415646259742
0.01649648074098021,0.03577088434884659
0.01701254279852589,0.03826212032677016
0.0175447489083346,0.04089304391813191
0.01809360410738716,0.04366885269537578
0.01865962923181746,0.04659474809124804
0.0192433614111598,0.04967592041216835
0.01984535457805803,0.05291753308487133
0.0204661799939199,0.05632470617191251
0.02110642679101555,0.05990249919778779
0.02176670253153459,0.06365589333361105
0.02244763378413224,0.06758977299448098
0.02314986671851161,0.07170890690980077
0.02387406771860647,0.07601792873284187
0.02462092401494625,0.08052131726171072
0.02539114433680347,0.085223376349536
0.02618545958474233,0.09012821458708684
0.02700462352420682,0.09523972484610771
0.02784941350080644,0.1005615637763585
0.02872063117797828,0.1060971313536228
0.02961910329772554,0.1118495505797516
0.03054568246515432,0.1178216474390815
0.03150124795755328,0.1240159312182681
0.03248670655878375,0.1304345752986601
0.0335029934197723,0.1370793985317673
0.03455107294592218,0.1439518473091066
0.03563193971228586,0.1510529784377237
0.0367466194073669,0.1583834429319406
0.03789616980644718,0.1659434708303697
0.03908168177536266,0.1737328571449328
0.04030428030568053,0.1817509490455267
0.0415651255822599,0.1899966343800863
0.04286541408420928,0.1984683316251132
0.04420637972028532,0.2071639813562694
0.04558929499981062,0.2160810393224177
0.04701547224022132,0.2252164711995248
0.04848626481239081,0.2345667490931893
0.05000306842491092,0.2441278498502314
0.05156732244854966,0.2538952552308517
0.053180511282142,0.2638639539833676
0.05484416576121018,0.2740284458535466
0.05655986461065005,0.28438274755012
0.05832923594286203,0.2949204006772711
0.06015395880274835,0.3056344816338071
0.06203576476104272,0.3165176134674288
0.06397643955748428,0.3275619796610907
0.06597782479539537,0.3387593398169821
0.06804181968927098,0.3501010471922361
0.07017038286703826,0.3615780680291867
0.07236553422869654,0.3731810026119293
0.07462935686310133,0.3849001079701738
0.07696399902471159,0.3967253221410219
0.07937167617217551,0.4086462898894017
0.08185467307069029,0.4206523897785738
0.08441534596012985,0.4327327624734171
0.08705612479099865,0.444876340151222
0.08977951553033323,0.4570718768875013
0.09258810253973955,0.4693079798779456
0.09548455102782294,0.4815731413521581
0.09847160957933775,0.4938557710302461
0.1015521127634568,0.5061442289697539
0.1047289838236359,0.5184268586478418
0.1080052374516253,0.5306920201220542
0.111383982648262,0.5429281231124985
0.1148684256737554,0.5551236598487779
0.1184618730902684,0.5672672375265828
0.1221677348996792,0.579347610221426
0.1259895277795027,0.5913537101105981
0.1299308784200416,0.6032746778589779
0.1339955269659338,0.6150998920298258
0.1381873305653632,0.6268189973880705
0.1425102670302998,0.6384219319708129
0.1469684386112446,0.6498989528077634
0.1515660758900603,0.6612406601830174
0.1563075417945816,0.6724380203389091
0.1611973357388157,0.6834823865325709
0.1662400978926612,0.6943655183661925
0.171440613585197,0.7050795993227286
0.1768038178457207,0.7156172524498797
0.1823348000868441,0.7259715541464531
0.1880388089340915,0.7361360460166322
0.1939212572065829,0.7461047447691482
0.1999877270535285,0.7558721501497683
0.2062439752514091,0.7654332509068104
0.212695938666869,0.7747835288004747
0.2193497398905058,0.783918960677582
0.2262116930469024,0.7928360186437304
0.2332883097864156,0.8015316683748867
0.2405863054644064,0.8100033656199135
0.2481126055137768,0.8182490509544731
0.2558743520168589,0.8262671428550672
0.2638789104828935,0.8340565291696304
0.2721338768375309,0.8416165570680595
0.2806470846309839,0.8489470215622763
0.2894266124716752,0.8560481526908933
0.2984807916924327,0.8629206014682327
0.307818214256508,0.8695654247013398
0.3174477409109193,0.8759840687817317
0.3273785095948577,0.8821783525609184
0.337619944111134,0.8881504494202483
0.3481817630688966,0.8939028686463771
0.3590739891061055,0.8994384362236414
0.3703069584005141,0.9047602751538922
0.3818913304781854,0.9098717854129131
0.3938380983288489,0.914776623650464
0.4061585988376979,0.9194786827382893
0.4188645235435271,0.9239820712671581
0.4319679297334174,0.9282910930901992
0.4454812518844989,0.932410227005519
0.4594173134636476,0.9363441066663889
0.4737893390963144,0.9400975008022122
0.4886109671160326,0.9436752938280875
0.503896262506515,0.9470824669151285
0.5196597302486197,0.9503240795878316
0.5359163290848514,0.9534052519087519
0.5526814857144603,0.9563311473046241
0.5699711094326075,0.959106956081868
0.5878016072274912,0.9617378796732298
0.6061898993497572,0.9642291156511534
0.6251534353689712,0.9665858435374026
0.644710210732387,0.9688132114325065
0.6648787838417263,0.9709163234828123
0.6856782936641738,0.9729002281973353
0.7071284778942997,0.9747699076212291
0.7292496916841444,0.9765302673675833
0.7520629269592407,0.9781861275044186
0.7755898323389001,0.9797422142892064
0.7998527336796708,0.98120315273901
0.8248746552614581,0.9825734600204448
0.8506793416364153,0.9838575396400798
0.8772912801613356,0.9850596764126833
0.9047357242349293,0.9861840321818239
0.933038717262036,0.9872346422648063
0.9622271173675134,0.9882154125917153
0.9923286228832545,0.9891301175064826
1.023371798632519,0.9899823981963534
1.055386103036523,0.9907757617149077
1.088401916069005,0.9915135805628813
1.122450568085306,0.9921990927904033
1.157564369553304,0.9928354025839224
1.193776641714436,0.9934254813010042
1.231121748203891,0.9939721689163347
1.269635127659974,0.994478175842645
1.309353327353611,0.9949460850908476
1.350314037869873,0.9953783547344486
1.392556128874463,0.9957773206442292
1.436119685999079,0.9961451994602726
1.481046048880675,0.9964840917696192
1.527377850390714,0.9967959854591552
1.575159057091623,0.9970827592147461
1.624435010958867,0.9973461861391137
1.675252472408215,0.9975879374624953
1.727659664669037,0.9978095863217097
1.781706319545731,0.9980126115848635
1.837443724610727,0.9981984017005553
1.894924771873822,0.9983682585520595
1.954204007974053,0.9985234012985835
2.015337685941733,0.9986649701872828
2.078383818579757,0.9987940303212725
2.143402233514857,0.9989115753703962
2.210454629971021,0.9990185312129795
2.27960463731898,0.9991157594982081
2.350917875457287,0.9992040611201297
2.424462017082328,0.9992841795955658
2.500306851906324,0.9993568043394423
2.578524352884274,0.9994225738322017
2.659188744512694,0.9994820786750361
2.742376573264949,0.9995358645296888
2.828166780230033,0.999584434940501
2.916640776023704,0.9996282540372433
3.007882518043099,0.9996677491180518
3.101978590138097,0.9997033131125053
3.199018284775064,0.9997353069255253
3.299093687770939,0.9997640616633533
3.402299765678068,0.9997898807433775
3.508734455902711,0.9998130418900225
3.618498759642747,0.9998337990193144
3.731696837732752,0.9998523840150597
3.848436109487429,0.9998690083998653
3.968827354637162,0.9998838649044506
4.092984818452438,0.9998971289388981
4.221026320156898,0.9999089599696248
4.353073364731888,0.9999195028059645
4.489251258218603,0.9999288888003233
4.629689226627263,0.9999372369659002
4.774520538566127,0.9999446550159815
4.923882631706737,0.999951240328791
5.077917243205398,0.9999570808418438
5.23677054420465,0.9999622558796857
5.400593278542368,0.9999668369188248
5.56954090580013,0.9999708882935661
5.743773748826581,0.9999744678463536
5.923457145875806,0.9999776275261116
6.108761607505039,0.9999804139379461
6.299862978380693,0.9999828688474397
6.496942604146125,0.9999850296426388
6.70018750350959,0.9999869297566853
6.909790545715645,0.9999885990539129
7.125950633568411,0.9999900641820779
7.348872892180388,0.9999913488932581
7.57876886362593,0.9999924743358101
7.815856707684091,0.9999934593196393
8.060361408861345,0.9999943205569006
8.312514989890632,0.9999950728801155
8.572556731909325,0.9999957294395656
8.840733401525062,0.999996301881699
9.117299484984922,0.9999968005101645
9.402517429670132,0.9999972344309813
9.69665789314552,0.9999976116832362
10,0.9999979393566041
